0	0
3.11869e-07	0.01
4.61481e-06	0.02
-8.56324e-06	0.03
-3.59435e-05	0.04
-2.28606e-05	0.05
2.4855e-05	0.06
-7.12648e-06	0.07
5.51852e-05	0.08
7.39229e-05	0.09
7.95195e-05	0.1
-2.81142e-06	0.11
-0.00010745	0.12
-0.000153541	0.13
-0.000109787	0.14
8.71899e-05	0.15
0.000177356	0.16
0.00020902	0.17
0.000176858	0.18
-5.82108e-05	0.19
-0.00019358	0.2
-0.000491156	0.21
-3.15204e-05	0.22
8.61246e-05	0.23
7.52068e-05	0.24
0.000376463	0.25
0.000237753	0.26
-5.78241e-06	0.27
-0.000356015	0.28
2.51829e-05	0.29
-2.28973e-05	0.3
-9.99457e-05	0.31
-0.000283719	0.32
-6.27855e-05	0.33
0.000303727	0.34
0.000417374	0.35
-8.34401e-07	0.36
6.24949e-06	0.37
-0.000262463	0.38
-9.13567e-05	0.39
-5.22709e-05	0.4
-3.75819e-05	0.41
0.000121983	0.42
-5.28831e-05	0.43
0.000219675	0.44
-3.8571e-05	0.45
-7.73012e-05	0.46
1.23509e-06	0.47
-2.03547e-05	0.48
-5.40748e-06	0.49
-0.0001337	0.5
-0.000113473	0.51
-5.20245e-05	0.52
0.000211118	0.53
0.000369037	0.54
0.000100825	0.55
-0.000307398	0.56
-0.000186409	0.57
-2.91627e-05	0.58
7.64784e-05	0.59
8.02684e-05	0.6
9.57413e-06	0.61
-6.67358e-05	0.62
-6.89921e-05	0.63
9.6262e-05	0.64
3.99393e-05	0.65
0.000125707	0.66
-2.95255e-05	0.67
4.34336e-05	0.68
-0.000222631	0.69
-0.000185046	0.7
3.38505e-05	0.71
0.000105483	0.72
0.000284311	0.73
9.91997e-05	0.74
-0.00015498	0.75
-0.000193381	0.76
-0.000121709	0.77
-6.91467e-05	0.78
9.61229e-05	0.79
0.000143698	0.8
0.00019369	0.81
0.000111723	0.82
-0.000132609	0.83
-0.000214732	0.84
-0.00018754	0.85
5.76724e-05	0.86
0.000209682	0.87
0.000134434	0.88
-6.78323e-05	0.89
-0.000150815	0.9
-2.2552e-05	0.91
7.02799e-05	0.92
0.000104839	0.93
-9.1045e-05	0.94
7.39599e-05	0.95
-4.67345e-05	0.96
-1.07073e-05	0.97
-3.72815e-05	0.98
-9.09011e-05	0.99
-1.27982e-05	1
0.000152718	1.01
4.62058e-05	1.02
1.21142e-05	1.03
-1.37273e-07	1.04
-3.70174e-05	1.05
-8.45206e-05	1.06
1.30903e-05	1.07
-8.29016e-06	1.08
-9.1111e-05	1.09
-1.51666e-05	1.1
0.00013829	1.11
0.000177329	1.12
-6.89922e-05	1.13
-5.48339e-05	1.14
-8.20931e-05	1.15
-6.2507e-06	1.16
9.76261e-05	1.17
1.6574e-05	1.18
-8.4925e-05	1.19
-9.57259e-05	1.2
-7.54968e-05	1.21
1.58062e-05	1.22
7.45684e-05	1.23
0.000230991	1.24
0.000174817	1.25
-8.66393e-05	1.26
-0.000176239	1.27
-0.000168324	1.28
-0.000159307	1.29
-9.44488e-05	1.3
0.000105881	1.31
0.000294741	1.32
0.000353212	1.33
1.40537e-05	1.34
-0.000219124	1.35
-0.000206333	1.36
-0.00018214	1.37
-0.000140182	1.38
0.000166299	1.39
0.000272317	1.4
0.000138859	1.41
-4.8635e-05	1.42
-0.000122557	1.43
-4.64238e-05	1.44
-0.000121472	1.45
-3.60789e-05	1.46
0.000113672	1.47
7.11483e-05	1.48
8.68978e-05	1.49
-4.03421e-05	1.5
-0.000126515	1.51
4.95838e-05	1.52
-0.000124829	1.53
3.85346e-05	1.54
3.33547e-05	1.55
7.01928e-05	1.56
7.96059e-05	1.57
6.08988e-05	1.58
-1.16373e-06	1.59
-0.000187746	1.6
-0.000184395	1.61
1.26143e-05	1.62
0.000139675	1.63
0.000128359	1.64
-1.87887e-06	1.65
-8.41047e-05	1.66
-6.29472e-05	1.67
5.59373e-05	1.68
3.24696e-05	1.69
9.85963e-05	1.7
6.56041e-05	1.71
-0.000130527	1.72
-0.00019184	1.73
-0.000148211	1.74
8.6031e-05	1.75
0.000253541	1.76
0.000172121	1.77
-5.02468e-05	1.78
-7.32554e-05	1.79
-0.000101559	1.8
-0.000103599	1.81
9.56311e-06	1.82
6.07521e-05	1.83
0.00013517	1.84
3.40702e-05	1.85
-9.02708e-05	1.86
-0.000128529	1.87
-0.000134795	1.88
0.000103137	1.89
0.000200007	1.9
0.000188659	1.91
-2.60956e-05	1.92
-0.000165292	1.93
-0.000250861	1.94
-0.000154304	1.95
0.000151194	1.96
0.000290303	1.97
0.000135088	1.98
-1.68369e-05	1.99
-0.000212096	2
-0.000164965	2.01
-4.23672e-05	2.02
1.76347e-05	2.03
8.46742e-05	2.04
0.000178265	2.05
0.000119804	2.06
2.32875e-05	2.07
-8.59628e-05	2.08
-0.000218414	2.09
-0.000144766	2.1
0.000106463	2.11
0.000175372	2.12
2.37256e-05	2.13
-6.87599e-05	2.14
-0.000136148	2.15
-8.73759e-05	2.16
0.000150945	2.17
0.000156184	2.18
-4.41732e-05	2.19
3.07928e-05	2.2
-0.000101653	2.21
-8.60689e-05	2.22
-1.2671e-05	2.23
0.000157335	2.24
0.00014506	2.25
-4.29756e-05	2.26
-0.000159077	2.27
-0.000144384	2.28
0.000114442	2.29
0.000132683	2.3
2.36084e-05	2.31
-0.000102195	2.32
3.26905e-06	2.33
-0.000160311	2.34
-1.81346e-05	2.35
0.000132349	2.36
0.000204766	2.37
-0.000102067	2.38
-0.000113588	2.39
-5.61764e-05	2.4
-1.16201e-05	2.41
6.14721e-05	2.42
1.8045e-05	2.43
6.82012e-05	2.44
7.54136e-05	2.45
3.63103e-05	2.46
-3.37813e-05	2.47
-0.000135519	2.48
-6.70207e-05	2.49
-4.23438e-05	2.5
2.65078e-07	2.51
0.000100342	2.52
6.38544e-05	2.53
1.10609e-05	2.54
-9.84629e-06	2.55
1.30275e-05	2.56
-5.96657e-05	2.57
-4.93699e-05	2.58
4.87559e-05	2.59
3.45875e-05	2.6
7.97107e-05	2.61
-1.32419e-05	2.62
-6.32364e-05	2.63
-0.000119576	2.64
-3.43631e-05	2.65
7.06721e-05	2.66
9.07776e-05	2.67
7.84005e-05	2.68
-6.90997e-05	2.69
-6.20508e-05	2.7
-9.80004e-05	2.71
-2.16773e-05	2.72
0.000111466	2.73
0.000136228	2.74
5.49154e-05	2.75
-2.05885e-05	2.76
-4.48927e-05	2.77
-0.00014154	2.78
-0.000112023	2.79
-2.67052e-05	2.8
9.41672e-05	2.81
0.000147813	2.82
0.000117212	2.83
-5.17946e-05	2.84
-0.000176821	2.85
-0.000150858	2.86
-1.19117e-05	2.87
0.000113805	2.88
0.000140015	2.89
6.3962e-05	2.9
2.9457e-05	2.91
-2.62683e-06	2.92
-5.12505e-05	2.93
-9.69894e-05	2.94
-6.20264e-05	2.95
2.27367e-05	2.96
5.39117e-05	2.97
4.43587e-06	2.98
-4.25265e-06	2.99
1.38359e-05	3
-1.51623e-05	3.01
-3.60787e-05	3.02
-1.48266e-05	3.03
3.9674e-05	3.04
0.000103819	3.05
1.09922e-06	3.06
-6.75008e-05	3.07
-3.58596e-05	3.08
-4.99562e-05	3.09
-6.0414e-05	3.1
-1.18773e-05	3.11
9.76198e-05	3.12
0.000133631	3.13
6.53688e-05	3.14
-7.35142e-05	3.15
-0.000136396	3.16
-4.17738e-05	3.17
4.38477e-05	3.18
0.000109275	3.19
8.29515e-05	3.2
-6.15784e-05	3.21
-8.76753e-05	3.22
-0.000119829	3.23
1.2944e-05	3.24
3.37062e-05	3.25
0.000131427	3.26
4.79711e-05	3.27
-4.55657e-05	3.28
-0.000123885	3.29
-3.82733e-05	3.3
5.58295e-05	3.31
5.7156e-05	3.32
8.97483e-05	3.33
2.69451e-05	3.34
-2.6912e-05	3.35
-8.4995e-05	3.36
-8.73362e-05	3.37
-3.27742e-05	3.38
1.27613e-05	3.39
4.36427e-05	3.4
8.08824e-05	3.41
3.00421e-05	3.42
-5.59732e-05	3.43
-6.81506e-06	3.44
2.44346e-05	3.45
1.19922e-05	3.46
-3.89909e-05	3.47
-3.55511e-05	3.48
5.05785e-05	3.49
3.71299e-05	3.5
3.62904e-05	3.51
-1.50802e-05	3.52
-7.85685e-05	3.53
-0.000100248	3.54
-5.35999e-05	3.55
5.39339e-05	3.56
8.72636e-05	3.57
0.000107245	3.58
8.08321e-05	3.59
-2.19111e-05	3.6
-8.91438e-05	3.61
-8.31543e-05	3.62
-5.42148e-05	3.63
1.00333e-05	3.64
4.55704e-05	3.65
4.30394e-05	3.66
-1.14633e-05	3.67
-1.6555e-05	3.68
-8.12743e-06	3.69
-4.64169e-06	3.7
4.9197e-05	3.71
2.55881e-05	3.72
2.05438e-05	3.73
6.28352e-06	3.74
-8.12425e-06	3.75
-1.78581e-05	3.76
-5.8002e-05	3.77
-7.26456e-05	3.78
-1.14003e-05	3.79
1.17471e-05	3.8
2.29741e-05	3.81
3.49377e-05	3.82
-1.40165e-05	3.83
1.36786e-05	3.84
2.53698e-05	3.85
3.58021e-05	3.86
-1.60353e-05	3.87
-2.74287e-05	3.88
1.60728e-05	3.89
3.40928e-05	3.9
-5.17137e-06	3.91
-9.29112e-06	3.92
-1.2503e-05	3.93
-2.35187e-05	3.94
-3.86192e-05	3.95
-1.64787e-05	3.96
7.02868e-05	3.97
5.35822e-05	3.98
-1.49989e-05	3.99
-2.86788e-05	4
-3.81348e-05	4.01
-1.33824e-05	4.02
3.9136e-05	4.03
2.95075e-05	4.04
2.06971e-05	4.05
-1.55963e-05	4.06
-1.78515e-05	4.07
-5.29104e-06	4.08
8.31801e-06	4.09
-9.6081e-06	4.1
-3.64169e-05	4.11
-1.27007e-05	4.12
-1.57325e-05	4.13
-1.59083e-05	4.14
3.76674e-05	4.15
1.16138e-05	4.16
1.42033e-05	4.17
4.53903e-05	4.18
5.05923e-06	4.19
7.60134e-07	4.2
6.194e-06	4.21
-4.7534e-06	4.22
-4.56795e-05	4.23
-5.0102e-05	4.24
-4.51855e-05	4.25
2.48777e-05	4.26
3.24281e-05	4.27
3.62889e-05	4.28
3.17691e-05	4.29
1.57065e-05	4.3
-3.79372e-06	4.31
-2.63013e-05	4.32
-2.67166e-05	4.33
-1.53437e-05	4.34
2.27951e-05	4.35
1.66814e-05	4.36
-8.01541e-06	4.37
9.36326e-07	4.38
-3.40609e-05	4.39
-3.6235e-05	4.4
-2.24048e-06	4.41
1.71832e-05	4.42
4.93097e-05	4.43
3.35714e-05	4.44
-6.28699e-08	4.45
-1.77431e-06	4.46
-1.11789e-05	4.47
-7.24755e-06	4.48
8.38963e-06	4.49
2.92217e-05	4.5
1.72189e-05	4.51
-3.18561e-05	4.52
-2.62411e-05	4.53
-1.57911e-05	4.54
-2.11365e-05	4.55
-9.37975e-06	4.56
1.18915e-06	4.57
1.7936e-05	4.58
1.3446e-05	4.59
-4.31703e-07	4.6
-5.26964e-07	4.61
5.72878e-06	4.62
-6.45765e-06	4.63
-3.99843e-05	4.64
-9.35277e-06	4.65
2.07588e-05	4.66
4.05947e-05	4.67
3.45424e-05	4.68
1.40665e-05	4.69
-3.32083e-05	4.7
-3.12827e-05	4.71
-4.76442e-05	4.72
-3.29176e-05	4.73
3.89538e-06	4.74
2.71893e-05	4.75
3.53655e-05	4.76
5.19246e-05	4.77
4.753e-05	4.78
1.69675e-05	4.79
1.31204e-06	4.8
-4.34576e-05	4.81
-3.49696e-05	4.82
-1.762e-05	4.83
-2.018e-05	4.84
-3.2832e-05	4.85
-4.30135e-06	4.86
-3.04269e-06	4.87
2.20304e-05	4.88
7.66726e-06	4.89
1.18237e-05	4.9
4.2495e-05	4.91
3.2352e-05	4.92
-3.58357e-06	4.93
-1.6732e-05	4.94
-2.49904e-05	4.95
-3.44064e-05	4.96
2.39897e-07	4.97
5.30503e-06	4.98
1.73743e-05	4.99
2.41841e-05	5
-2.81203e-06	5.01
1.05629e-05	5.02
3.21705e-06	5.03
-7.7148e-06	5.04
-1.49289e-05	5.05
-2.20866e-05	5.06
-1.09097e-05	5.07
1.87348e-05	5.08
3.85276e-05	5.09
2.11659e-05	5.1
7.03253e-06	5.11
-1.26679e-05	5.12
-2.59052e-05	5.13
-4.74633e-05	5.14
-4.7474e-05	5.15
-2.54085e-05	5.16
5.50049e-06	5.17
3.68153e-05	5.18
3.18257e-05	5.19
3.54842e-05	5.2
2.34439e-06	5.21
-2.46725e-05	5.22
-4.96843e-06	5.23
1.30729e-05	5.24
2.29955e-05	5.25
4.20133e-05	5.26
2.2765e-05	5.27
-1.12771e-05	5.28
-4.84329e-05	5.29
-4.82105e-05	5.3
-2.54609e-05	5.31
1.21897e-05	5.32
2.05712e-05	5.33
1.31823e-05	5.34
2.5213e-05	5.35
1.98737e-05	5.36
1.54064e-06	5.37
-1.58325e-05	5.38
-2.63934e-05	5.39
-2.30673e-05	5.4
-1.35416e-05	5.41
1.12028e-05	5.42
3.43632e-05	5.43
8.41947e-06	5.44
-2.09783e-05	5.45
-2.32478e-05	5.46
-2.18888e-05	5.47
1.21406e-06	5.48
1.44543e-05	5.49
4.46173e-05	5.5
4.35102e-05	5.51
5.57093e-06	5.52
-3.71095e-05	5.53
-3.69949e-05	5.54
-9.71367e-06	5.55
2.28887e-05	5.56
2.21207e-05	5.57
-2.35747e-06	5.58
-1.77091e-05	5.59
-2.43157e-05	5.6
-1.64982e-05	5.61
-1.32485e-06	5.62
-4.14443e-06	5.63
3.54592e-06	5.64
1.03004e-07	5.65
-7.63366e-07	5.66
1.57294e-06	5.67
1.00925e-05	5.68
2.70417e-05	5.69
3.3628e-05	5.7
2.02082e-05	5.71
3.98626e-05	5.72
2.14136e-05	5.73
1.18105e-06	5.74
-3.91416e-05	5.75
-5.74409e-05	5.76
-4.84364e-05	5.77
-3.16721e-05	5.78
-2.62208e-05	5.79
-4.46511e-06	5.8
2.94386e-05	5.81
2.5895e-05	5.82
6.3803e-06	5.83
2.10547e-06	5.84
-9.72661e-07	5.85
2.28389e-05	5.86
5.36486e-05	5.87
5.29361e-05	5.88
2.87324e-05	5.89
-1.81456e-05	5.9
-7.73313e-05	5.91
-7.93551e-05	5.92
-5.75895e-05	5.93
-2.44881e-05	5.94
1.82223e-05	5.95
3.99634e-05	5.96
3.40153e-05	5.97
5.02425e-06	5.98
-3.06232e-06	5.99
8.71061e-06	6
2.31889e-05	6.01
4.28827e-05	6.02
3.09995e-05	6.03
9.98865e-06	6.04
-9.64773e-06	6.05
-7.79073e-06	6.06
-1.60268e-06	6.07
9.62027e-06	6.08
4.90348e-06	6.09
-1.11168e-05	6.1
-3.22614e-05	6.11
-2.93781e-05	6.12
-2.69612e-05	6.13
-2.70374e-05	6.14
-2.55168e-05	6.15
-1.86057e-05	6.16
-9.98212e-06	6.17
1.41963e-05	6.18
1.7864e-05	6.19
1.56897e-05	6.2
1.91235e-05	6.21
2.86708e-05	6.22
2.3045e-05	6.23
7.79212e-06	6.24
5.8624e-06	6.25
1.28593e-05	6.26
7.87599e-06	6.27
6.30127e-07	6.28
-1.81197e-05	6.29
-1.19492e-05	6.3
-1.17005e-05	6.31
-2.18233e-07	6.32
1.24235e-05	6.33
-1.13345e-06	6.34
-2.89156e-06	6.35
-1.9283e-05	6.36
-3.31743e-06	6.37
1.52628e-05	6.38
1.27317e-05	6.39
3.83414e-06	6.4
-2.99865e-05	6.41
-2.86954e-05	6.42
-2.54669e-05	6.43
-1.06952e-05	6.44
2.35269e-05	6.45
1.91246e-05	6.46
1.88622e-05	6.47
1.18411e-05	6.48
1.24601e-05	6.49
2.07242e-05	6.5
-1.29757e-06	6.51
5.69301e-06	6.52
4.10529e-06	6.53
1.07234e-05	6.54
7.77209e-06	6.55
-9.97905e-06	6.56
-2.71782e-05	6.57
-4.50822e-05	6.58
-3.10922e-05	6.59
-8.28832e-06	6.6
1.61799e-05	6.61
4.27754e-05	6.62
3.1483e-05	6.63
1.05926e-05	6.64
6.37302e-07	6.65
-2.61637e-05	6.66
-3.6031e-05	6.67
-2.05207e-05	6.68
-6.57253e-08	6.69
1.7247e-05	6.7
9.84207e-06	6.71
5.89326e-06	6.72
-4.72822e-06	6.73
-4.09937e-06	6.74
9.06755e-06	6.75
1.18937e-05	6.76
1.44637e-05	6.77
1.1281e-05	6.78
-1.29047e-06	6.79
-1.30569e-05	6.8
-1.7788e-05	6.81
-1.7862e-05	6.82
-2.5268e-05	6.83
-3.75575e-06	6.84
1.37818e-05	6.85
3.47478e-05	6.86
3.26594e-05	6.87
2.27933e-05	6.88
1.58596e-05	6.89
-1.62267e-06	6.9
-1.31428e-05	6.91
-2.02366e-05	6.92
-2.53171e-05	6.93
-1.7223e-05	6.94
-1.05137e-05	6.95
-8.2817e-06	6.96
-6.94492e-06	6.97
6.02925e-06	6.98
7.19999e-07	6.99
-7.26279e-06	7
2.2937e-06	7.01
5.94757e-06	7.02
1.57034e-05	7.03
3.54826e-06	7.04
-3.54421e-07	7.05
2.49649e-06	7.06
1.54955e-06	7.07
-1.78756e-07	7.08
3.56477e-06	7.09
-4.59141e-06	7.1
-3.12581e-06	7.11
1.16567e-06	7.12
2.59567e-06	7.13
-1.10275e-05	7.14
-2.03624e-05	7.15
-4.97054e-06	7.16
1.49406e-05	7.17
2.05132e-05	7.18
2.19893e-05	7.19
1.47673e-05	7.2
1.20277e-05	7.21
3.40765e-06	7.22
2.95708e-08	7.23
-3.20355e-06	7.24
-4.88872e-06	7.25
-1.11314e-05	7.26
-2.00648e-05	7.27
-2.38909e-05	7.28
-1.00084e-05	7.29
5.12017e-06	7.3
8.53261e-07	7.31
8.79174e-06	7.32
1.164e-05	7.33
1.05361e-05	7.34
7.17102e-06	7.35
4.00683e-06	7.36
-5.92884e-06	7.37
-1.3923e-05	7.38
-4.57147e-06	7.39
-8.41906e-07	7.4
-9.54859e-06	7.41
-1.86404e-05	7.42
-2.14239e-05	7.43
-1.52165e-05	7.44
6.34585e-06	7.45
1.89217e-05	7.46
2.25742e-05	7.47
4.21127e-05	7.48
4.55305e-05	7.49
3.4349e-05	7.5
1.76025e-06	7.51
-3.94281e-05	7.52
-5.14786e-05	7.53
-4.20719e-05	7.54
-2.29889e-05	7.55
-6.05545e-06	7.56
5.72659e-06	7.57
1.31933e-05	7.58
1.64282e-06	7.59
-5.65436e-06	7.6
4.73137e-07	7.61
1.41835e-05	7.62
2.21993e-05	7.63
3.25485e-05	7.64
3.95271e-05	7.65
3.13093e-05	7.66
1.37911e-05	7.67
-5.5157e-06	7.68
-3.02818e-05	7.69
-4.92351e-05	7.7
-3.88063e-05	7.71
-2.33665e-05	7.72
-5.61998e-06	7.73
4.3236e-06	7.74
6.36829e-07	7.75
-4.55592e-06	7.76
-1.0662e-05	7.77
5.89507e-07	7.78
2.04184e-05	7.79
4.17905e-05	7.8
3.6969e-05	7.81
1.35194e-05	7.82
-8.18505e-06	7.83
-2.93693e-05	7.84
-3.85499e-05	7.85
-2.7883e-05	7.86
-1.16688e-06	7.87
1.70788e-05	7.88
2.31123e-05	7.89
1.62451e-05	7.9
6.07266e-06	7.91
-1.70423e-06	7.92
-3.95658e-06	7.93
-4.56819e-06	7.94
-5.41388e-06	7.95
3.34306e-06	7.96
6.729e-06	7.97
-1.19248e-06	7.98
-5.08631e-06	7.99
-1.33572e-05	8
-1.27963e-05	8.01
-8.64561e-07	8.02
7.29667e-06	8.03
-2.0331e-06	8.04
-5.91301e-06	8.05
2.84945e-06	8.06
1.1851e-05	8.07
1.15611e-05	8.08
4.16691e-06	8.09
7.15126e-06	8.1
3.14491e-06	8.11
4.11692e-06	8.12
2.84686e-06	8.13
-7.08636e-06	8.14
-1.24801e-05	8.15
-1.51284e-05	8.16
-5.48099e-06	8.17
1.09392e-05	8.18
1.43659e-05	8.19
1.12294e-05	8.2
1.73278e-06	8.21
-1.76813e-05	8.22
-1.72014e-05	8.23
-4.95674e-06	8.24
-2.23363e-06	8.25
3.41499e-09	8.26
2.71126e-06	8.27
3.20385e-06	8.28
7.4052e-06	8.29
1.15115e-05	8.3
1.6076e-05	8.31
1.60666e-05	8.32
7.68943e-06	8.33
5.04243e-07	8.34
-1.66632e-05	8.35
-2.70717e-05	8.36
-2.12107e-05	8.37
-6.61315e-06	8.38
-6.69204e-07	8.39
2.5423e-06	8.4
1.85666e-06	8.41
9.96909e-07	8.42
8.70402e-06	8.43
5.92777e-07	8.44
8.06272e-07	8.45
-6.10575e-07	8.46
5.70123e-06	8.47
5.961e-07	8.48
-2.9686e-06	8.49
-9.57677e-06	8.5
-8.94169e-06	8.51
1.32259e-06	8.52
7.16213e-06	8.53
1.83176e-05	8.54
2.34129e-05	8.55
2.51011e-05	8.56
1.76379e-05	8.57
5.91331e-06	8.58
6.88453e-07	8.59
-1.08034e-05	8.6
-1.85052e-05	8.61
-2.17925e-05	8.62
-2.61193e-05	8.63
-2.00563e-05	8.64
-1.60949e-05	8.65
-5.58448e-06	8.66
7.3952e-06	8.67
1.86109e-05	8.68
1.85024e-05	8.69
1.97681e-05	8.7
5.94198e-06	8.71
-1.31612e-05	8.72
-2.0671e-05	8.73
-2.16787e-05	8.74
-1.17581e-05	8.75
-8.93764e-06	8.76
3.75831e-07	8.77
1.86613e-05	8.78
3.02197e-05	8.79
1.56039e-05	8.8
9.51364e-06	8.81
3.11695e-06	8.82
-3.15759e-06	8.83
-3.99184e-06	8.84
-6.04316e-06	8.85
-7.26449e-06	8.86
-1.03091e-06	8.87
-7.65213e-07	8.88
3.43949e-06	8.89
-6.81109e-06	8.9
-8.85968e-07	8.91
9.79928e-06	8.92
6.05509e-06	8.93
-5.54945e-06	8.94
-1.05972e-05	8.95
-8.90901e-06	8.96
-1.00921e-05	8.97
-7.91861e-06	8.98
6.75021e-06	8.99
2.29472e-05	9
3.3408e-05	9.01
2.09623e-05	9.02
6.76744e-08	9.03
-1.89959e-05	9.04
-3.13909e-05	9.05
-2.3667e-05	9.06
-4.86831e-06	9.07
4.76565e-06	9.08
1.03696e-05	9.09
1.32338e-05	9.1
1.32708e-05	9.11
4.75152e-06	9.12
-6.52672e-06	9.13
-8.01043e-06	9.14
-1.22146e-05	9.15
-1.08813e-05	9.16
-3.34147e-06	9.17
-3.839e-06	9.18
-1.77892e-06	9.19
1.78521e-06	9.2
4.24248e-06	9.21
7.98788e-06	9.22
1.03304e-05	9.23
1.76706e-05	9.24
1.62406e-05	9.25
7.63719e-06	9.26
-7.94546e-06	9.27
-2.33926e-05	9.28
-2.78118e-05	9.29
-2.78675e-05	9.3
-1.2718e-05	9.31
5.95683e-06	9.32
2.32012e-05	9.33
2.82839e-05	9.34
2.11656e-05	9.35
1.30031e-05	9.36
6.50114e-06	9.37
-9.87137e-07	9.38
-3.55693e-06	9.39
-1.05586e-06	9.4
1.19249e-06	9.41
2.31028e-06	9.42
1.33823e-06	9.43
-9.10185e-06	9.44
-1.86603e-05	9.45
-1.50105e-05	9.46
-8.63692e-06	9.47
-5.21892e-06	9.48
1.47411e-06	9.49
6.76539e-06	9.5
5.84247e-06	9.51
-1.22718e-06	9.52
-6.18415e-06	9.53
-5.14883e-06	9.54
1.82508e-07	9.55
4.98619e-06	9.56
1.01083e-05	9.57
1.43055e-05	9.58
7.30958e-06	9.59
-2.84824e-06	9.6
-1.15407e-05	9.61
-1.10647e-05	9.62
-1.18293e-05	9.63
-4.02461e-07	9.64
8.78456e-06	9.65
1.01541e-05	9.66
5.1848e-06	9.67
-1.5511e-06	9.68
-3.5718e-06	9.69
-3.84642e-06	9.7
1.39237e-06	9.71
4.86547e-06	9.72
4.81806e-06	9.73
5.37187e-06	9.74
1.23425e-06	9.75
-6.75352e-06	9.76
-1.22601e-05	9.77
-5.70017e-06	9.78
1.94282e-06	9.79
9.31192e-06	9.8
1.23816e-05	9.81
5.79785e-06	9.82
-3.03366e-07	9.83
-1.09128e-05	9.84
-1.16309e-05	9.85
-6.60455e-06	9.86
6.78389e-07	9.87
2.8403e-06	9.88
3.12858e-06	9.89
-1.08087e-06	9.9
-5.35124e-10	9.91
8.32e-07	9.92
3.28953e-06	9.93
2.45581e-06	9.94
1.68936e-06	9.95
-9.67136e-07	9.96
-6.76412e-06	9.97
-8.37937e-06	9.98
-3.15708e-06	9.99
9.95788e-07	10
6.39781e-06	10.01
8.84011e-06	10.02
9.13259e-06	10.03
1.06845e-05	10.04
6.83518e-06	10.05
8.86491e-07	10.06
-6.63015e-06	10.07
-8.58414e-06	10.08
-9.7101e-06	10.09
-8.13162e-06	10.1
-1.25118e-06	10.11
2.31827e-06	10.12
5.71782e-06	10.13
2.8607e-06	10.14
-6.75859e-07	10.15
-4.60159e-07	10.16
2.00785e-06	10.17
4.97531e-06	10.18
5.60425e-06	10.19
3.90325e-06	10.2
1.76938e-06	10.21
-1.99063e-06	10.22
-4.08164e-06	10.23
-5.73883e-06	10.24
-3.10363e-06	10.25
-1.2004e-06	10.26
-2.77476e-06	10.27
-7.77383e-06	10.28
-7.17649e-06	10.29
-6.26298e-06	10.3
-1.43819e-06	10.31
2.57408e-06	10.32
3.21268e-06	10.33
7.39096e-06	10.34
8.00239e-06	10.35
9.41722e-06	10.36
6.53502e-06	10.37
3.35308e-06	10.38
1.51133e-06	10.39
-1.94886e-06	10.4
-4.32929e-06	10.41
-9.42646e-06	10.42
-1.05098e-05	10.43
-7.02721e-06	10.44
-5.06748e-07	10.45
3.63593e-06	10.46
5.67939e-06	10.47
7.4611e-06	10.48
6.66148e-06	10.49
1.99802e-06	10.5
-1.34283e-06	10.51
-1.09417e-06	10.52
4.18813e-06	10.53
6.67399e-06	10.54
-1.04476e-07	10.55
-1.04587e-05	10.56
-1.54905e-05	10.57
-1.56358e-05	10.58
-8.42952e-06	10.59
4.63531e-06	10.6
1.57888e-05	10.61
1.88309e-05	10.62
1.3588e-05	10.63
4.17304e-06	10.64
-3.95046e-06	10.65
-1.10308e-05	10.66
-8.83134e-06	10.67
-3.46306e-06	10.68
5.36069e-07	10.69
-3.00262e-06	10.7
-7.29285e-06	10.71
-1.02448e-05	10.72
-1.1806e-05	10.73
-6.33306e-06	10.74
6.56574e-06	10.75
1.84167e-05	10.76
2.37942e-05	10.77
2.03074e-05	10.78
8.89457e-06	10.79
-5.02346e-06	10.8
-1.2721e-05	10.81
-1.56883e-05	10.82
-1.08131e-05	10.83
-1.74201e-06	10.84
5.89848e-06	10.85
7.90132e-06	10.86
1.17492e-06	10.87
-6.81973e-06	10.88
-1.04463e-05	10.89
-4.24716e-06	10.9
2.88268e-06	10.91
1.02622e-05	10.92
1.24207e-05	10.93
9.38589e-06	10.94
1.74814e-06	10.95
-7.16188e-06	10.96
-1.05917e-05	10.97
-9.52419e-06	10.98
-4.75386e-06	10.99
1.19458e-08	11
1.98642e-06	11.01
3.3487e-06	11.02
4.44712e-06	11.03
5.27624e-06	11.04
6.29797e-07	11.05
-2.83539e-07	11.06
4.57506e-08	11.07
-5.87906e-07	11.08
-4.76111e-08	11.09
7.3025e-07	11.1
6.85952e-07	11.11
-1.33554e-06	11.12
-6.80371e-06	11.13
-7.39623e-06	11.14
-4.65821e-06	11.15
1.71097e-06	11.16
7.30928e-06	11.17
1.06869e-05	11.18
6.0202e-06	11.19
2.03801e-06	11.2
-3.35562e-06	11.21
-5.6214e-06	11.22
-5.85696e-06	11.23
-1.24741e-06	11.24
3.66009e-06	11.25
4.0205e-06	11.26
2.66258e-06	11.27
-7.74073e-07	11.28
-2.35217e-06	11.29
-2.8298e-06	11.3
-2.02579e-06	11.31
-1.59143e-06	11.32
-1.24095e-06	11.33
-7.62308e-07	11.34
-9.57247e-07	11.35
-1.07268e-06	11.36
6.87286e-07	11.37
1.64547e-06	11.38
2.1074e-06	11.39
2.0137e-06	11.4
2.57559e-06	11.41
4.01115e-06	11.42
5.10854e-06	11.43
3.7499e-06	11.44
-1.78798e-06	11.45
-7.12806e-06	11.46
-8.34249e-06	11.47
-4.16594e-06	11.48
-2.52532e-06	11.49
2.27844e-07	11.5
6.65047e-07	11.51
1.19617e-06	11.52
1.02177e-06	11.53
1.51409e-06	11.54
5.89156e-06	11.55
8.0908e-06	11.56
7.17784e-06	11.57
2.32692e-06	11.58
-2.93054e-06	11.59
-8.71233e-06	11.6
-9.1424e-06	11.61
-7.8815e-06	11.62
-3.45216e-06	11.63
4.28199e-06	11.64
6.82977e-06	11.65
4.15297e-06	11.66
-1.99688e-07	11.67
-2.04492e-06	11.68
-5.37541e-07	11.69
3.86664e-06	11.7
5.93567e-06	11.71
4.40579e-06	11.72
4.49868e-07	11.73
-4.27085e-06	11.74
-8.1578e-06	11.75
-9.27052e-06	11.76
-5.94409e-06	11.77
-1.3293e-07	11.78
5.69408e-06	11.79
9.27455e-06	11.8
6.96588e-06	11.81
2.53294e-06	11.82
-1.69367e-06	11.83
-5.62253e-06	11.84
-4.56305e-06	11.85
-1.1252e-06	11.86
2.47544e-06	11.87
5.23981e-06	11.88
3.49811e-06	11.89
-1.43427e-06	11.9
-5.59011e-06	11.91
-6.43704e-06	11.92
-3.22261e-06	11.93
7.49721e-07	11.94
4.92111e-06	11.95
8.2801e-06	11.96
8.00543e-06	11.97
3.28184e-06	11.98
-4.35065e-06	11.99
-9.23774e-06	12
-6.84815e-06	12.01
-4.3043e-06	12.02
-1.06441e-06	12.03
1.53284e-06	12.04
4.41909e-06	12.05
3.989e-06	12.06
8.93006e-07	12.07
-2.07331e-06	12.08
-2.12042e-06	12.09
7.07084e-07	12.1
2.92451e-06	12.11
3.32578e-06	12.12
6.00452e-07	12.13
-1.95979e-06	12.14
-2.47937e-06	12.15
-2.12784e-06	12.16
-9.32226e-07	12.17
8.4163e-07	12.18
2.44175e-06	12.19
2.55354e-06	12.2
7.71291e-07	12.21
3.49346e-07	12.22
2.42395e-06	12.23
7.83231e-07	12.24
-2.28575e-07	12.25
-3.60687e-06	12.26
-6.54334e-06	12.27
-3.68576e-06	12.28
1.82348e-07	12.29
4.80746e-06	12.3
4.84514e-06	12.31
3.2865e-06	12.32
3.36087e-07	12.33
-4.49683e-06	12.34
-4.53915e-06	12.35
-3.79163e-06	12.36
2.82496e-06	12.37
6.71551e-06	12.38
4.8389e-06	12.39
1.87972e-06	12.4
-4.44062e-06	12.41
-7.70876e-06	12.42
-3.98224e-06	12.43
-1.34525e-06	12.44
4.06111e-06	12.45
7.79601e-06	12.46
6.50518e-06	12.47
2.11322e-06	12.48
-4.48606e-06	12.49
-6.6421e-06	12.5
-6.23163e-06	12.51
-2.96203e-06	12.52
2.28192e-06	12.53
4.33057e-06	12.54
4.18194e-06	12.55
2.52534e-06	12.56
-1.30371e-06	12.57
-3.84393e-06	12.58
-2.50522e-06	12.59
2.5064e-06	12.6
3.65178e-06	12.61
3.9707e-06	12.62
1.11615e-06	12.63
-2.1632e-06	12.64
-4.4592e-06	12.65
-7.57367e-06	12.66
-4.56912e-06	12.67
1.74507e-07	12.68
5.20213e-06	12.69
8.26852e-06	12.7
6.00974e-06	12.71
6.43926e-07	12.72
-2.44354e-06	12.73
-5.27138e-06	12.74
-5.09426e-06	12.75
-1.48968e-06	12.76
2.77171e-06	12.77
3.68679e-06	12.78
1.58224e-06	12.79
-2.1809e-06	12.8
-3.66416e-06	12.81
-4.0817e-06	12.82
-8.44122e-07	12.83
2.78815e-06	12.84
5.29723e-06	12.85
6.40068e-06	12.86
3.38271e-06	12.87
-1.52774e-06	12.88
-3.24627e-06	12.89
-3.09429e-06	12.9
2.95895e-07	12.91
1.82546e-06	12.92
1.20919e-06	12.93
-2.27123e-06	12.94
-5.32052e-06	12.95
-4.70813e-06	12.96
-3.00106e-06	12.97
4.18147e-07	12.98
2.93763e-06	12.99
5.07824e-06	13
4.65869e-06	13.01
1.64522e-06	13.02
-1.11854e-06	13.03
-2.23329e-06	13.04
-1.56459e-06	13.05
-3.60593e-07	13.06
1.22577e-06	13.07
2.2436e-06	13.08
1.6172e-06	13.09
2.71561e-07	13.1
-1.40466e-06	13.11
-2.42519e-06	13.12
-3.00429e-06	13.13
-4.80687e-07	13.14
3.12667e-06	13.15
4.47436e-06	13.16
2.50612e-06	13.17
-3.14878e-07	13.18
-3.59828e-06	13.19
-5.98166e-06	13.2
-4.64838e-06	13.21
-6.04213e-07	13.22
3.70216e-06	13.23
4.54013e-06	13.24
2.14288e-06	13.25
-4.22338e-07	13.26
-2.33749e-06	13.27
-1.43165e-06	13.28
-7.3273e-07	13.29
1.38335e-06	13.3
2.81707e-06	13.31
2.55551e-06	13.32
-5.3593e-07	13.33
-1.32113e-06	13.34
-9.96963e-07	13.35
-2.3064e-07	13.36
-5.56527e-07	13.37
4.89432e-07	13.38
5.75315e-07	13.39
2.48592e-06	13.4
2.15569e-06	13.41
9.40564e-07	13.42
-2.1707e-06	13.43
-5.70213e-06	13.44
-5.36704e-06	13.45
-3.79558e-06	13.46
4.96874e-08	13.47
2.90991e-06	13.48
6.17551e-06	13.49
5.66262e-06	13.5
1.48182e-06	13.51
-1.69292e-06	13.52
-1.60036e-06	13.53
-5.94209e-07	13.54
1.53444e-06	13.55
1.16887e-06	13.56
9.44872e-07	13.57
-9.30463e-07	13.58
-1.93292e-06	13.59
-4.01903e-06	13.6
-4.14821e-06	13.61
-1.82941e-06	13.62
1.59857e-07	13.63
2.61468e-06	13.64
4.50357e-06	13.65
4.08907e-06	13.66
2.11949e-06	13.67
1.98479e-07	13.68
-3.64997e-06	13.69
-3.52456e-06	13.7
-1.87307e-06	13.71
3.45602e-06	13.72
5.23005e-06	13.73
3.92183e-06	13.74
-7.05688e-07	13.75
-3.39274e-06	13.76
-5.59481e-06	13.77
-4.10699e-06	13.78
-7.64574e-07	13.79
3.1001e-06	13.8
4.75022e-06	13.81
2.39999e-06	13.82
-2.79091e-07	13.83
-4.24136e-06	13.84
-5.31468e-06	13.85
-3.58877e-06	13.86
-5.06267e-07	13.87
2.81146e-06	13.88
4.75242e-06	13.89
4.28008e-06	13.9
1.54929e-06	13.91
-7.34255e-07	13.92
-2.35353e-06	13.93
-7.0994e-07	13.94
3.60403e-08	13.95
4.06773e-07	13.96
-4.12699e-07	13.97
-3.41831e-07	13.98
2.44853e-08	13.99
1.27593e-08	14
3.3996e-07	14.01
1.18116e-06	14.02
1.33363e-06	14.03
3.1057e-06	14.04
2.15729e-06	14.05
-9.72272e-07	14.06
-3.00234e-06	14.07
-4.53148e-06	14.08
-2.37966e-06	14.09
-1.38391e-06	14.1
1.75974e-07	14.11
1.18476e-06	14.12
2.27846e-06	14.13
1.27745e-06	14.14
2.41976e-06	14.15
1.24412e-06	14.16
1.19499e-07	14.17
-1.57875e-06	14.18
-2.12571e-06	14.19
-2.36603e-06	14.2
-1.85049e-06	14.21
6.41758e-07	14.22
1.79607e-06	14.23
1.19854e-06	14.24
6.1049e-07	14.25
-1.62122e-07	14.26
-5.12674e-07	14.27
1.26535e-06	14.28
1.53405e-06	14.29
2.01583e-06	14.3
3.63607e-07	14.31
-1.0645e-06	14.32
-2.79958e-06	14.33
-2.70603e-06	14.34
-3.31202e-06	14.35
-1.52721e-06	14.36
1.78165e-06	14.37
3.60806e-06	14.38
4.08759e-06	14.39
3.26655e-06	14.4
1.29272e-06	14.41
-4.61113e-07	14.42
-1.99265e-06	14.43
-2.30324e-06	14.44
-1.1566e-06	14.45
4.91436e-08	14.46
7.83856e-07	14.47
-1.27709e-06	14.48
-2.28973e-06	14.49
-2.90852e-06	14.5
-1.29957e-06	14.51
4.00604e-07	14.52
3.44303e-06	14.53
3.71182e-06	14.54
4.33935e-06	14.55
1.46729e-06	14.56
-1.51085e-06	14.57
-3.17679e-06	14.58
-3.53732e-06	14.59
-1.48234e-06	14.6
1.18035e-06	14.61
2.09121e-06	14.62
9.71327e-08	14.63
-1.1234e-06	14.64
-2.67299e-06	14.65
-1.37596e-06	14.66
3.59796e-07	14.67
3.13877e-06	14.68
4.07873e-06	14.69
3.73471e-06	14.7
-2.06225e-07	14.71
-3.77649e-06	14.72
-5.31399e-06	14.73
-3.93304e-06	14.74
9.48671e-07	14.75
3.1167e-06	14.76
4.11781e-06	14.77
3.41176e-06	14.78
-7.945e-08	14.79
-1.76881e-06	14.8
-3.28196e-06	14.81
-1.65207e-07	14.82
2.14983e-06	14.83
3.05871e-06	14.84
1.00929e-06	14.85
-2.19473e-08	14.86
-2.86033e-06	14.87
-4.10616e-06	14.88
-2.69868e-06	14.89
-1.50801e-06	14.9
2.18861e-06	14.91
4.12139e-06	14.92
3.94149e-06	14.93
7.57189e-07	14.94
-1.3289e-06	14.95
-3.42978e-06	14.96
-2.32698e-06	14.97
-1.43891e-06	14.98
8.691e-07	14.99
2.6275e-06	15
1.9376e-06	15.01
-5.59618e-07	15.02
-2.16988e-06	15.03
-2.22792e-06	15.04
-1.26974e-06	15.05
5.49442e-07	15.06
2.87116e-06	15.07
4.01944e-06	15.08
2.59152e-06	15.09
-4.57564e-08	15.1
-2.47375e-06	15.11
-3.10646e-06	15.12
-2.4683e-06	15.13
-2.80061e-07	15.14
2.67702e-06	15.15
4.62321e-06	15.16
1.68753e-06	15.17
-1.6393e-06	15.18
-2.63222e-06	15.19
-3.05206e-06	15.2
-1.9443e-06	15.21
7.64234e-08	15.22
1.1612e-06	15.23
1.5956e-06	15.24
1.90935e-06	15.25
-5.91406e-07	15.26
-1.22745e-06	15.27
-2.0573e-06	15.28
2.1385e-07	15.29
7.23221e-07	15.3
1.25042e-06	15.31
1.59522e-06	15.32
1.6896e-06	15.33
6.39944e-07	15.34
-4.58487e-07	15.35
-1.75908e-06	15.36
-2.14453e-06	15.37
-1.72838e-06	15.38
-7.27171e-07	15.39
6.21403e-07	15.4
2.26777e-06	15.41
2.59621e-06	15.42
2.01458e-06	15.43
3.19054e-07	15.44
-1.75853e-06	15.45
-1.50114e-06	15.46
-8.26357e-07	15.47
1.04262e-06	15.48
9.53586e-07	15.49
9.44165e-07	15.5
-3.74149e-07	15.51
-1.89682e-06	15.52
-2.41178e-06	15.53
-1.46751e-06	15.54
-8.34996e-07	15.55
9.80588e-07	15.56
2.44665e-06	15.57
3.20394e-06	15.58
1.67742e-06	15.59
-2.90008e-07	15.6
-1.67369e-06	15.61
-2.30331e-06	15.62
-1.78436e-06	15.63
-7.03285e-07	15.64
1.95824e-06	15.65
1.55521e-06	15.66
1.54952e-06	15.67
-1.11219e-06	15.68
-1.40073e-06	15.69
-1.44605e-06	15.7
2.56302e-07	15.71
1.67329e-06	15.72
3.17226e-06	15.73
1.89261e-06	15.74
-9.44229e-08	15.75
-1.76802e-06	15.76
-2.30348e-06	15.77
-2.25677e-06	15.78
-5.46756e-07	15.79
3.24431e-07	15.8
8.38605e-07	15.81
1.20734e-06	15.82
1.23309e-06	15.83
-6.32227e-08	15.84
-6.5198e-07	15.85
-6.88435e-08	15.86
-1.05438e-07	15.87
1.1071e-06	15.88
3.61097e-07	15.89
2.24094e-07	15.9
-9.53359e-07	15.91
-1.28641e-06	15.92
-1.83636e-06	15.93
-6.584e-07	15.94
5.12753e-07	15.95
1.83595e-06	15.96
1.95016e-06	15.97
8.42939e-07	15.98
-1.62978e-07	15.99
-1.04119e-06	16
-9.94838e-07	16.01
-2.44375e-07	16.02
2.65e-07	16.03
6.72475e-07	16.04
2.79799e-07	16.05
-4.87458e-07	16.06
-4.25102e-07	16.07
-1.04073e-06	16.08
-5.19635e-07	16.09
1.00513e-06	16.1
1.11497e-06	16.11
2.91277e-08	16.12
-6.90934e-07	16.13
-4.82597e-07	16.14
-4.5887e-07	16.15
-7.68869e-08	16.16
2.91967e-07	16.17
1.22437e-07	16.18
-1.11485e-07	16.19
1.11309e-06	16.2
8.93324e-07	16.21
2.39483e-07	16.22
2.28695e-07	16.23
1.31158e-07	16.24
-7.19119e-07	16.25
-8.16095e-07	16.26
3.95497e-07	16.27
4.36992e-07	16.28
2.77244e-07	16.29
1.29723e-06	16.3
-4.01931e-07	16.31
-1.45377e-06	16.32
-8.73866e-07	16.33
-5.3971e-07	16.34
4.70959e-07	16.35
1.80251e-06	16.36
9.2327e-07	16.37
-5.23025e-07	16.38
-3.73377e-07	16.39
-1.55927e-06	16.4
-1.76891e-06	16.41
-8.65353e-07	16.42
-2.67111e-07	16.43
1.09284e-06	16.44
1.76223e-06	16.45
1.15473e-06	16.46
1.16697e-06	16.47
9.13067e-07	16.48
-2.04977e-07	16.49
-4.16713e-07	16.5
-2.15297e-07	16.51
1.07247e-06	16.52
8.48714e-07	16.53
-3.56151e-08	16.54
-1.39604e-06	16.55
-2.94026e-06	16.56
-3.38147e-06	16.57
-1.17338e-06	16.58
1.20439e-06	16.59
3.16371e-06	16.6
2.6796e-06	16.61
1.7905e-06	16.62
2.73006e-07	16.63
-1.7428e-06	16.64
-1.78268e-06	16.65
-1.31116e-06	16.66
5.639e-07	16.67
1.26684e-06	16.68
1.1289e-06	16.69
-4.57518e-07	16.7
-9.1379e-07	16.71
-1.78707e-06	16.72
-7.62151e-07	16.73
1.12423e-06	16.74
1.79717e-06	16.75
2.22169e-06	16.76
1.88969e-06	16.77
-1.24373e-07	16.78
-2.11332e-06	16.79
-2.16037e-06	16.8
-2.81243e-06	16.81
-1.9015e-06	16.82
5.18308e-07	16.83
1.84078e-06	16.84
2.72414e-06	16.85
1.73223e-06	16.86
-2.58457e-07	16.87
-8.86645e-07	16.88
-8.03662e-07	16.89
3.56815e-07	16.9
4.72172e-07	16.91
1.29517e-06	16.92
1.11829e-06	16.93
-4.00377e-07	16.94
-1.39264e-06	16.95
-2.15344e-06	16.96
-1.81131e-06	16.97
2.7097e-07	16.98
1.50624e-06	16.99
1.31269e-06	17
9.00447e-07	17.01
-2.74938e-07	17.02
-7.57291e-07	17.03
-6.69765e-07	17.04
-7.19284e-07	17.05
1.7347e-08	17.06
3.22339e-07	17.07
9.36736e-07	17.08
4.85066e-07	17.09
4.45354e-07	17.1
-5.48509e-07	17.11
-5.19758e-07	17.12
-6.79497e-07	17.13
6.90032e-07	17.14
1.07982e-06	17.15
9.35141e-07	17.16
4.79361e-07	17.17
1.91498e-07	17.18
-1.14146e-06	17.19
-8.80664e-07	17.2
-8.10431e-07	17.21
-6.25058e-07	17.22
2.90758e-07	17.23
5.69853e-07	17.24
4.96176e-07	17.25
3.26645e-07	17.26
6.23511e-08	17.27
4.67256e-08	17.28
4.76908e-10	17.29
-1.1879e-07	17.3
3.32841e-08	17.31
2.37062e-07	17.32
-4.25495e-07	17.33
2.36026e-07	17.34
-5.46052e-07	17.35
-2.72626e-07	17.36
-4.35556e-07	17.37
6.73917e-07	17.38
1.01616e-06	17.39
4.02488e-07	17.4
-2.51266e-07	17.41
3.00856e-07	17.42
-9.53788e-08	17.43
1.11734e-07	17.44
-7.12414e-07	17.45
-3.07624e-07	17.46
-1.66293e-07	17.47
-3.08185e-07	17.48
9.41467e-08	17.49
2.60909e-07	17.5
2.98136e-07	17.51
-1.2527e-07	17.52
-2.42453e-08	17.53
-6.09465e-07	17.54
3.08366e-07	17.55
-2.00639e-07	17.56
-2.12629e-08	17.57
2.76584e-07	17.58
4.51554e-08	17.59
9.07933e-08	17.6
1.17271e-07	17.61
1.43222e-07	17.62
-9.69902e-08	17.63
4.98127e-07	17.64
1.97946e-07	17.65
3.22312e-07	17.66
-2.23651e-07	17.67
-3.79347e-07	17.68
-4.72932e-07	17.69
2.06576e-07	17.7
2.75924e-07	17.71
3.20956e-07	17.72
7.53992e-09	17.73
5.06322e-07	17.74
-2.97762e-07	17.75
-3.93165e-07	17.76
-3.28239e-07	17.77
-1.66907e-07	17.78
5.375e-07	17.79
5.94527e-07	17.8
5.77192e-08	17.81
-1.15775e-07	17.82
-4.83117e-07	17.83
-8.86618e-07	17.84
-5.06007e-07	17.85
-3.27168e-07	17.86
7.45123e-07	17.87
7.19982e-07	17.88
7.13542e-07	17.89
4.4167e-07	17.9
-3.43588e-07	17.91
-4.86429e-07	17.92
-4.82797e-07	17.93
-2.64327e-07	17.94
2.76267e-07	17.95
6.16617e-07	17.96
5.53095e-07	17.97
2.5882e-07	17.98
-5.19013e-07	17.99
-3.15011e-07	18
-8.36269e-07	18.01
1.87277e-07	18.02
1.25661e-06	18.03
8.0869e-07	18.04
6.99158e-07	18.05
-7.55774e-07	18.06
-6.9605e-07	18.07
-7.39058e-07	18.08
-9.45672e-07	18.09
-1.8583e-07	18.1
4.4893e-07	18.11
4.30798e-07	18.12
3.55839e-07	18.13
3.84236e-07	18.14
-3.30746e-07	18.15
-5.74368e-07	18.16
-5.04471e-07	18.17
2.1129e-07	18.18
4.69124e-07	18.19
9.67194e-07	18.2
9.02985e-07	18.21
2.78891e-07	18.22
-7.53849e-08	18.23
-1.15217e-06	18.24
-1.0688e-06	18.25
-6.28945e-07	18.26
4.23877e-07	18.27
1.16182e-06	18.28
9.98099e-07	18.29
4.96744e-07	18.3
-6.31236e-07	18.31
-8.54599e-07	18.32
-9.23052e-07	18.33
5.58842e-08	18.34
7.89764e-08	18.35
3.66158e-07	18.36
5.88298e-07	18.37
1.98498e-07	18.38
-1.47839e-07	18.39
-6.92642e-07	18.4
-4.93949e-07	18.41
2.74192e-07	18.42
8.47395e-07	18.43
6.82728e-07	18.44
4.77617e-07	18.45
9.78052e-08	18.46
-3.72575e-07	18.47
-1.25393e-06	18.48
-7.25811e-07	18.49
-5.24398e-07	18.5
4.27486e-07	18.51
6.48282e-07	18.52
7.53525e-07	18.53
6.49508e-07	18.54
6.47197e-08	18.55
-4.56308e-07	18.56
-4.09507e-07	18.57
-4.03725e-08	18.58
3.79401e-07	18.59
3.7109e-07	18.6
6.86027e-07	18.61
-2.6934e-07	18.62
-1.01872e-06	18.63
-1.12011e-06	18.64
-4.40186e-07	18.65
4.48442e-07	18.66
8.75332e-07	18.67
1.05786e-06	18.68
2.87034e-07	18.69
1.12237e-07	18.7
-3.656e-07	18.71
-5.41371e-07	18.72
-1.50052e-07	18.73
-2.03885e-07	18.74
-1.82946e-07	18.75
5.31035e-08	18.76
2.8907e-07	18.77
4.4684e-07	18.78
-8.21022e-08	18.79
-2.84403e-07	18.8
-2.47605e-07	18.81
1.37942e-07	18.82
2.8699e-07	18.83
2.30045e-07	18.84
6.51563e-08	18.85
7.69476e-08	18.86
-5.23057e-08	18.87
-1.80356e-07	18.88
-3.3276e-07	18.89
1.40554e-07	18.9
4.80539e-07	18.91
4.52448e-07	18.92
3.19668e-07	18.93
-4.28883e-07	18.94
-7.03332e-07	18.95
-5.15868e-08	18.96
-2.85558e-07	18.97
5.22685e-08	18.98
2.50828e-07	18.99
3.87844e-07	19
1.77753e-07	19.01
-1.86147e-07	19.02
-3.16174e-07	19.03
-5.06837e-08	19.04
1.72882e-07	19.05
-2.69801e-07	19.06
1.99995e-07	19.07
4.61785e-07	19.08
2.79584e-07	19.09
1.16951e-08	19.1
-9.91584e-09	19.11
-5.09942e-07	19.12
-2.42354e-08	19.13
1.50396e-08	19.14
2.95738e-07	19.15
5.26968e-07	19.16
-3.03524e-07	19.17
-4.20421e-07	19.18
-3.53967e-07	19.19
-2.4939e-07	19.2
2.6897e-07	19.21
2.8947e-07	19.22
5.0031e-07	19.23
2.50842e-07	19.24
-3.21085e-07	19.25
-2.43093e-07	19.26
6.9013e-08	19.27
-6.22229e-08	19.28
-1.73114e-07	19.29
-1.54139e-07	19.3
2.23576e-07	19.31
3.25773e-07	19.32
2.98427e-07	19.33
2.73685e-07	19.34
-9.72234e-08	19.35
-5.47867e-08	19.36
-2.61988e-07	19.37
-8.67562e-08	19.38
-1.92696e-07	19.39
1.28276e-07	19.4
-1.06542e-07	19.41
-8.18375e-08	19.42
-4.62301e-08	19.43
-2.10831e-07	19.44
2.13139e-07	19.45
-1.44647e-08	19.46
5.94441e-07	19.47
4.39397e-07	19.48
4.17439e-07	19.49
-1.90997e-07	19.5
-4.49729e-07	19.51
-6.42066e-07	19.52
-3.80395e-07	19.53
1.38751e-07	19.54
3.04703e-07	19.55
3.30881e-07	19.56
2.87971e-07	19.57
1.9831e-07	19.58
1.16054e-07	19.59
-3.10218e-07	19.6
-1.04075e-07	19.61
-1.02321e-07	19.62
-1.52802e-07	19.63
-1.897e-07	19.64
2.46847e-07	19.65
6.16859e-08	19.66
-2.6949e-07	19.67
-1.48008e-07	19.68
-1.90745e-07	19.69
-1.27838e-07	19.7
3.74886e-07	19.71
3.46784e-07	19.72
3.46977e-07	19.73
3.61212e-07	19.74
-1.61941e-07	19.75
-5.23331e-07	19.76
-3.31866e-07	19.77
3.09016e-07	19.78
3.7651e-07	19.79
2.8751e-07	19.8
1.99576e-07	19.81
1.56241e-08	19.82
-1.92345e-07	19.83
-5.50896e-07	19.84
-2.12928e-07	19.85
-4.35169e-08	19.86
2.34812e-07	19.87
3.21902e-07	19.88
2.89068e-07	19.89
1.20213e-07	19.9
-1.82965e-07	19.91
-6.21483e-07	19.92
-6.46986e-07	19.93
-4.14446e-07	19.94
4.56243e-07	19.95
8.52996e-07	19.96
4.19139e-07	19.97
1.5369e-07	19.98
3.18538e-08	19.99
-3.03572e-07	20
-2.63822e-07	20.01
-1.60982e-08	20.02
1.93147e-07	20.03
2.85813e-07	20.04
3.09311e-07	20.05
2.50731e-07	20.06
1.05705e-08	20.07
-6.5979e-07	20.08
-1.91394e-07	20.09
-3.84182e-08	20.1
6.59502e-08	20.11
2.78708e-07	20.12
1.64689e-07	20.13
-1.48343e-07	20.14
-1.09149e-07	20.15
-4.98225e-07	20.16
-2.16127e-07	20.17
-2.40911e-08	20.18
9.60147e-08	20.19
3.72811e-07	20.2
5.06006e-07	20.21
3.93153e-07	20.22
-8.38368e-09	20.23
-5.94777e-07	20.24
-5.21289e-07	20.25
-2.55886e-07	20.26
5.12511e-07	20.27
5.03835e-07	20.28
3.76398e-07	20.29
-9.79756e-08	20.3
-3.24967e-07	20.31
-7.54704e-08	20.32
-3.3869e-07	20.33
1.11953e-07	20.34
3.60862e-07	20.35
3.3807e-07	20.36
5.52165e-08	20.37
4.72068e-08	20.38
-6.1061e-07	20.39
-4.51635e-07	20.4
-3.08408e-07	20.41
5.25785e-08	20.42
1.52953e-07	20.43
3.06906e-07	20.44
1.44431e-07	20.45
1.09232e-08	20.46
2.98312e-07	20.47
