0	0
1.23902e-10	0.0244141
4.95828e-10	0.0488281
1.11677e-09	0.0732422
1.98863e-09	0.0976562
3.11425e-09	0.12207
4.4974e-09	0.146484
6.14272e-09	0.170898
8.05583e-09	0.195312
1.02436e-08	0.219727
1.27137e-08	0.244141
1.54746e-08	0.268555
1.85358e-08	0.292969
2.1908e-08	0.317383
2.56025e-08	0.341797
2.96305e-08	0.366211
3.4004e-08	0.390625
3.87363e-08	0.415039
4.38434e-08	0.439453
4.93418e-08	0.463867
5.52483e-08	0.488281
6.1579e-08	0.512695
6.83504e-08	0.537109
7.55791e-08	0.561523
8.32822e-08	0.585938
9.14804e-08	0.610352
1.00195e-07	0.634766
1.0945e-07	0.65918
1.19263e-07	0.683594
1.29649e-07	0.708008
1.40622e-07	0.732422
1.52198e-07	0.756836
1.64407e-07	0.78125
1.77295e-07	0.805664
1.909e-07	0.830078
2.05236e-07	0.854492
2.20305e-07	0.878906
2.36119e-07	0.90332
2.52703e-07	0.927734
2.70079e-07	0.952148
2.88304e-07	0.976562
3.07451e-07	1.00098
3.2755e-07	1.02539
3.48581e-07	1.0498
3.70536e-07	1.07422
3.93469e-07	1.09863
4.1745e-07	1.12305
4.42452e-07	1.14746
4.68429e-07	1.17188
4.95436e-07	1.19629
5.23593e-07	1.2207
5.52968e-07	1.24512
5.83526e-07	1.26953
6.15287e-07	1.29395
6.48309e-07	1.31836
6.82537e-07	1.34277
7.17937e-07	1.36719
7.54583e-07	1.3916
7.92607e-07	1.41602
8.32027e-07	1.44043
8.72766e-07	1.46484
9.14874e-07	1.48926
9.5842e-07	1.51367
1.00343e-06	1.53809
1.04997e-06	1.5625
1.09815e-06	1.58691
1.14806e-06	1.61133
1.19968e-06	1.63574
1.25295e-06	1.66016
1.30784e-06	1.68457
1.36446e-06	1.70898
1.42292e-06	1.7334
1.48306e-06	1.75781
1.54468e-06	1.78223
1.60784e-06	1.80664
1.67281e-06	1.83105
1.73973e-06	1.85547
1.80853e-06	1.87988
1.879e-06	1.9043
1.95114e-06	1.92871
2.02485e-06	1.95312
2.09996e-06	1.97754
2.17662e-06	2.00195
2.25531e-06	2.02637
2.33646e-06	2.05078
2.41997e-06	2.0752
2.50576e-06	2.09961
2.59413e-06	2.12402
2.68507e-06	2.14844
2.77781e-06	2.17285
2.87129e-06	2.19727
2.96582e-06	2.22168
3.06324e-06	2.24609
3.1648e-06	2.27051
3.27019e-06	2.29492
3.37819e-06	2.31934
3.48847e-06	2.34375
3.60252e-06	2.36816
3.72146e-06	2.39258
3.84321e-06	2.41699
3.96434e-06	2.44141
4.08454e-06	2.46582
4.20708e-06	2.49023
4.33499e-06	2.51465
4.46725e-06	2.53906
4.60079e-06	2.56348
4.73496e-06	2.58789
4.87034e-06	2.6123
5.00583e-06	2.63672
5.14104e-06	2.66113
5.27883e-06	2.68555
5.42172e-06	2.70996
5.56805e-06	2.73438
5.71339e-06	2.75879
5.85749e-06	2.7832
6.00615e-06	2.80762
6.162e-06	2.83203
6.32244e-06	2.85645
6.48537e-06	2.88086
6.65036e-06	2.90527
6.8179e-06	2.92969
6.98794e-06	2.9541
7.15922e-06	2.97852
7.33091e-06	3.00293
7.50341e-06	3.02734
7.679e-06	3.05176
7.86161e-06	3.07617
8.05136e-06	3.10059
8.24312e-06	3.125
8.4332e-06	3.14941
8.62337e-06	3.17383
8.81952e-06	3.19824
9.0262e-06	3.22266
9.24155e-06	3.24707
9.45908e-06	3.27148
9.67488e-06	3.2959
9.89039e-06	3.32031
1.01079e-05	3.34473
1.03296e-05	3.36914
1.05594e-05	3.39355
1.07997e-05	3.41797
1.10467e-05	3.44238
1.12943e-05	3.4668
1.15365e-05	3.49121
1.17774e-05	3.51562
1.20307e-05	3.54004
1.22998e-05	3.56445
1.2576e-05	3.58887
1.28511e-05	3.61328
1.31277e-05	3.6377
1.34178e-05	3.66211
1.37276e-05	3.68652
1.40507e-05	3.71094
1.43771e-05	3.73535
1.47004e-05	3.75977
1.50198e-05	3.78418
1.53389e-05	3.80859
1.56662e-05	3.83301
1.60145e-05	3.85742
1.63913e-05	3.88184
1.67866e-05	3.90625
1.71792e-05	3.93066
1.75541e-05	3.95508
1.79183e-05	3.97949
1.82877e-05	4.00391
1.86722e-05	4.02832
1.90708e-05	4.05273
1.9481e-05	4.07715
1.99004e-05	4.10156
2.0324e-05	4.12598
2.07477e-05	4.15039
2.11742e-05	4.1748
2.16129e-05	4.19922
2.20752e-05	4.22363
2.25542e-05	4.24805
2.30291e-05	4.27246
2.34844e-05	4.29688
2.3926e-05	4.32129
2.43694e-05	4.3457
2.48227e-05	4.37012
2.52768e-05	4.39453
2.57094e-05	4.41895
2.6116e-05	4.44336
2.65272e-05	4.46777
2.69662e-05	4.49219
2.74285e-05	4.5166
2.78961e-05	4.54102
2.83559e-05	4.56543
2.88145e-05	4.58984
2.92874e-05	4.61426
2.97794e-05	4.63867
3.02805e-05	4.66309
3.07874e-05	4.6875
3.1301e-05	4.71191
3.18153e-05	4.73633
3.2318e-05	4.76074
3.27933e-05	4.78516
3.32515e-05	4.80957
3.37309e-05	4.83398
3.42454e-05	4.8584
3.47643e-05	4.88281
3.52538e-05	4.90723
3.57141e-05	4.93164
3.61697e-05	4.95605
3.66458e-05	4.98047
3.71607e-05	5.00488
3.77143e-05	5.0293
3.82772e-05	5.05371
3.87989e-05	5.07812
3.92613e-05	5.10254
3.97094e-05	5.12695
4.01966e-05	5.15137
4.07283e-05	5.17578
4.12761e-05	5.2002
4.1817e-05	5.22461
4.23473e-05	5.24902
4.28711e-05	5.27344
4.33975e-05	5.29785
4.39316e-05	5.32227
4.44701e-05	5.34668
4.50054e-05	5.37109
4.55247e-05	5.39551
4.6019e-05	5.41992
4.64948e-05	5.44434
4.69755e-05	5.46875
4.74909e-05	5.49316
4.80653e-05	5.51758
4.87054e-05	5.54199
4.93957e-05	5.56641
5.00985e-05	5.59082
5.07707e-05	5.61523
5.14124e-05	5.63965
5.20681e-05	5.66406
5.2771e-05	5.68848
5.35048e-05	5.71289
5.42088e-05	5.7373
5.48319e-05	5.76172
5.53923e-05	5.78613
5.59425e-05	5.81055
5.6511e-05	5.83496
5.71032e-05	5.85938
5.77184e-05	5.88379
5.83596e-05	5.9082
5.90204e-05	5.93262
5.96761e-05	5.95703
6.03264e-05	5.98145
6.10281e-05	6.00586
6.18323e-05	6.03027
6.27198e-05	6.05469
6.36249e-05	6.0791
6.44835e-05	6.10352
6.52627e-05	6.12793
6.59879e-05	6.15234
6.673e-05	6.17676
6.75364e-05	6.20117
6.83882e-05	6.22559
6.92068e-05	6.25
6.99193e-05	6.27441
7.05569e-05	6.29883
7.12571e-05	6.32324
7.21182e-05	6.34766
7.30972e-05	6.37207
7.40979e-05	6.39648
7.50824e-05	6.4209
7.60609e-05	6.44531
7.70207e-05	6.46973
7.79289e-05	6.49414
7.88096e-05	6.51855
7.97401e-05	6.54297
8.07745e-05	6.56738
8.19123e-05	6.5918
8.30981e-05	6.61621
8.42106e-05	6.64062
8.51303e-05	6.66504
8.59004e-05	6.68945
8.67138e-05	6.71387
8.76765e-05	6.73828
8.87402e-05	6.7627
8.98389e-05	6.78711
9.0966e-05	6.81152
9.21441e-05	6.83594
9.33632e-05	6.86035
9.45714e-05	6.88477
9.56776e-05	6.90918
9.65897e-05	6.93359
9.73416e-05	6.95801
9.80834e-05	6.98242
9.89105e-05	7.00684
9.98036e-05	7.03125
0.000100712	7.05566
0.000101639	7.08008
0.00010262	7.10449
0.000103644	7.12891
0.000104655	7.15332
0.000105604	7.17773
0.000106437	7.20215
0.000107073	7.22656
0.000107518	7.25098
0.000107881	7.27539
0.00010823	7.2998
0.00010851	7.32422
0.000108652	7.34863
0.000108736	7.37305
0.000108929	7.39746
0.000109268	7.42188
0.000109639	7.44629
0.00010995	7.4707
0.000110195	7.49512
0.000110377	7.51953
0.000110492	7.54395
0.000110555	7.56836
0.000110595	7.59277
0.000110653	7.61719
0.000110776	7.6416
0.000110938	7.66602
0.000110973	7.69043
0.000110768	7.71484
0.000110496	7.73926
0.000110312	7.76367
0.000110121	7.78809
0.000109803	7.8125
0.000109276	7.83691
0.000108543	7.86133
0.000107698	7.88574
0.000106872	7.91016
0.000106173	7.93457
0.000105617	7.95898
0.000105148	7.9834
0.00010473	8.00781
0.000104361	8.03223
0.000104038	8.05664
0.000103792	8.08105
0.000103648	8.10547
0.000103524	8.12988
0.000103304	8.1543
0.000102947	8.17871
0.000102513	8.20312
0.000102142	8.22754
0.000101901	8.25195
0.000101711	8.27637
0.000101465	8.30078
0.000101124	8.3252
0.000100719	8.34961
0.000100308	8.37402
9.99522e-05	8.39844
9.97127e-05	8.42285
9.97022e-05	8.44727
0.00010006	8.47168
0.000100817	8.49609
0.000101814	8.52051
0.000102811	8.54492
0.000103705	8.56934
0.000104589	8.59375
0.000105597	8.61816
0.00010677	8.64258
0.000108135	8.66699
0.00010977	8.69141
0.000111669	8.71582
0.00011366	8.74023
0.00011561	8.76465
0.000117584	8.78906
0.000119661	8.81348
0.000121713	8.83789
0.000123548	8.8623
0.000125175	8.88672
0.000126778	8.91113
0.000128475	8.93555
0.000130176	8.95996
0.000131791	8.98438
0.000133461	9.00879
0.000135429	9.0332
0.000137816	9.05762
0.000140606	9.08203
0.000143789	9.10645
0.000147427	9.13086
0.000151539	9.15527
0.000156052	9.17969
0.000160952	9.2041
0.000166382	9.22852
0.000172476	9.25293
0.000179204	9.27734
0.000186407	9.30176
0.000193925	9.32617
0.000201693	9.35059
0.000209697	9.375
0.000217901	9.39941
0.000226268	9.42383
0.000234767	9.44824
0.000243348	9.47266
0.000251919	9.49707
0.000260366	9.52148
0.000268605	9.5459
0.000276629	9.57031
0.000284465	9.59473
0.000292145	9.61914
0.00029976	9.64355
0.000307474	9.66797
0.00031544	9.69238
0.000323658	9.7168
0.000331972	9.74121
0.000340275	9.76562
0.000348701	9.79004
0.000357448	9.81445
0.000366533	9.83887
0.000375937	9.86328
0.000385794	9.8877
0.000396284	9.91211
0.000407446	9.93652
0.000419128	9.96094
0.000431114	9.98535
0.000443325	10.0098
0.000455874	10.0342
0.000468927	10.0586
0.000482544	10.083
0.00049666	10.1074
0.000511156	10.1318
0.000525927	10.1562
0.00054088	10.1807
0.000555933	10.2051
0.000571032	10.2295
0.000586204	10.2539
0.00060156	10.2783
0.000617244	10.3027
0.000633355	10.3271
0.000649926	10.3516
0.00066694	10.376
0.000684337	10.4004
0.000702015	10.4248
0.000719821	10.4492
0.00073757	10.4736
0.00075507	10.498
0.000772158	10.5225
0.000788696	10.5469
0.00080457	10.5713
0.00081977	10.5957
0.000834352	10.6201
0.000848371	10.6445
0.000861869	10.6689
0.000874912	10.6934
0.000887651	10.7178
0.000900317	10.7422
0.000913082	10.7666
0.000926	10.791
0.000939055	10.8154
0.000952181	10.8398
0.00096533	10.8643
0.000978555	10.8887
0.000991947	10.9131
0.00100553	10.9375
0.00101925	10.9619
0.00103299	10.9863
0.00104662	11.0107
0.00106008	11.0352
0.00107332	11.0596
0.00108633	11.084
0.00109911	11.1084
0.00111161	11.1328
0.0011238	11.1572
0.00113555	11.1816
0.00114674	11.2061
0.00115729	11.2305
0.00116725	11.2549
0.00117672	11.2793
0.00118582	11.3037
0.00119446	11.3281
0.00120241	11.3525
0.00120943	11.377
0.00121551	11.4014
0.00122072	11.4258
0.00122514	11.4502
0.00122886	11.4746
0.00123199	11.499
0.00123463	11.5234
0.00123697	11.5479
0.00123919	11.5723
0.00124146	11.5967
0.00124379	11.6211
0.00124617	11.6455
0.00124876	11.6699
0.00125166	11.6943
0.00125479	11.7188
0.00125797	11.7432
0.00126093	11.7676
0.00126346	11.792
0.00126576	11.8164
0.00126866	11.8408
0.00127282	11.8652
0.00127796	11.8896
0.00128388	11.9141
0.0012905	11.9385
0.00129747	11.9629
0.00130451	11.9873
0.00131134	12.0117
0.00131768	12.0361
0.00132335	12.0605
0.00132824	12.085
0.00133237	12.1094
0.00133577	12.1338
0.00133845	12.1582
0.00134036	12.1826
0.00134146	12.207
0.00134174	12.2314
0.00134132	12.2559
0.00134033	12.2803
0.00133894	12.3047
0.00133718	12.3291
0.001335	12.3535
0.00133237	12.3779
0.00132932	12.4023
0.00132591	12.4268
0.00132229	12.4512
0.00131892	12.4756
0.00131685	12.5
0.0013166	12.5244
0.00131707	12.5488
0.00131781	12.5732
0.00131893	12.5977
0.00132029	12.6221
0.00132178	12.6465
0.00132324	12.6709
0.00132458	12.6953
0.00132572	12.7197
0.00132654	12.7441
0.00132688	12.7686
0.00132653	12.793
0.00132517	12.8174
0.00132248	12.8418
0.00131833	12.8662
0.00131282	12.8906
0.00130621	12.915
0.00129875	12.9395
0.00129067	12.9639
0.00128222	12.9883
0.00127388	13.0127
0.00126645	13.0371
0.0012604	13.0615
0.00125511	13.0859
0.0012496	13.1104
0.00124323	13.1348
0.00123556	13.1592
0.00122641	13.1836
0.00121588	13.208
0.00120436	13.2324
0.00119241	13.2568
0.00118065	13.2812
0.00116958	13.3057
0.00115971	13.3301
0.00115165	13.3545
0.00114615	13.3789
0.00114377	13.4033
0.0011446	13.4277
0.00114823	13.4521
0.00115369	13.4766
0.00115979	13.501
0.0011662	13.5254
0.00117293	13.5498
0.00117951	13.5742
0.0011856	13.5986
0.00119108	13.623
0.00119589	13.6475
0.00120005	13.6719
0.00120358	13.6963
0.00120654	13.7207
0.00120894	13.7451
0.00121047	13.7695
0.00121073	13.7939
0.00120931	13.8184
0.00120585	13.8428
0.00120015	13.8672
0.00119225	13.8916
0.0011824	13.916
0.00117096	13.9404
0.00115831	13.9648
0.00114496	13.9893
0.00113155	14.0137
0.00111874	14.0381
0.00110705	14.0625
0.00109672	14.0869
0.00108781	14.1113
0.0010802	14.1357
0.00107366	14.1602
0.00106794	14.1846
0.00106263	14.209
0.00105716	14.2334
0.00105093	14.2578
0.00104357	14.2822
0.00103478	14.3066
0.0010243	14.3311
0.00101203	14.3555
0.000998146	14.3799
0.000983022	14.4043
0.000967041	14.4287
0.000950543	14.4531
0.000933842	14.4775
0.000917207	14.502
0.000900866	14.5264
0.000885095	14.5508
0.000870322	14.5752
0.000857052	14.5996
0.000845643	14.624
0.000836215	14.6484
0.000828725	14.6729
0.000823016	14.6973
0.00081875	14.7217
0.000815502	14.7461
0.000812891	14.7705
0.000810386	14.7949
0.000807348	14.8193
0.000803402	14.8438
0.000798453	14.8682
0.000792486	14.8926
0.000785622	14.917
0.000778109	14.9414
0.000770308	14.9658
0.000762663	14.9902
0.000755617	15.0146
0.000749565	15.0391
0.000744839	15.0635
0.000741717	15.0879
0.000740339	15.1123
0.000740354	15.1367
0.000741149	15.1611
0.000742442	15.1855
0.000744192	15.21
0.000746319	15.2344
0.000748775	15.2588
0.000751501	15.2832
0.000754229	15.3076
0.000756478	15.332
0.000757681	15.3564
0.000757277	15.3809
0.000754745	15.4053
0.000749683	15.4297
0.000741872	15.4541
0.000731276	15.4785
0.000718025	15.5029
0.000702321	15.5273
0.000684647	15.5518
0.000665841	15.5762
0.000646915	15.6006
0.000628649	15.625
0.000611473	15.6494
0.000595255	15.6738
0.000579304	15.6982
0.000563089	15.7227
0.000546338	15.7471
0.000528831	15.7715
0.000510475	15.7959
0.000491247	15.8203
0.000471204	15.8447
0.000450437	15.8691
0.000429034	15.8936
0.000407112	15.918
0.000384902	15.9424
0.000362802	15.9668
0.000341302	15.9912
0.000320732	16.0156
0.000301128	16.04
0.000282048	16.0645
0.000263238	16.0889
0.000244864	16.1133
0.000227096	16.1377
0.000210067	16.1621
0.000193937	16.1865
0.000178885	16.2109
0.000165178	16.2354
0.000153248	16.2598
0.000143671	16.2842
0.000137095	16.3086
0.000134079	16.333
0.000134905	16.3574
0.000139439	16.3818
0.000147158	16.4062
0.000157419	16.4307
0.000169575	16.4551
0.000182962	16.4795
0.000197007	16.5039
0.000211252	16.5283
0.000225334	16.5527
0.000238991	16.5771
0.000252095	16.6016
0.000264691	16.626
0.000277067	16.6504
0.000289573	16.6748
0.000302504	16.6992
0.000316121	16.7236
0.000330587	16.748
0.000346015	16.7725
0.000362458	16.7969
0.000379837	16.8213
0.000397923	16.8457
0.000416343	16.8701
0.000434616	16.8945
0.000452282	16.9189
0.000468948	16.9434
0.000484459	16.9678
0.000498888	16.9922
0.000512452	17.0166
0.000525359	17.041
0.000537586	17.0654
0.000548885	17.0898
0.000559058	17.1143
0.000568156	17.1387
0.000576392	17.1631
0.000584036	17.1875
0.000591298	17.2119
0.000598346	17.2363
0.00060529	17.2607
0.000612114	17.2852
0.00061859	17.3096
0.000624321	17.334
0.000628957	17.3584
0.000632312	17.3828
0.000634355	17.4072
0.000635095	17.4316
0.000634578	17.4561
0.000632961	17.4805
0.000630475	17.5049
0.000627371	17.5293
0.000623877	17.5537
0.000620139	17.5781
0.000616255	17.6025
0.000612343	17.627
0.000608554	17.6514
0.000605011	17.6758
0.000601812	17.7002
0.000599059	17.7246
0.000596874	17.749
0.000595423	17.7734
0.000594825	17.7979
0.000594942	17.8223
0.000595314	17.8467
0.000595313	17.8711
0.000594458	17.8955
0.000592543	17.9199
0.000589493	17.9443
0.00058525	17.9688
0.000579843	17.9932
0.000573476	18.0176
0.000566474	18.042
0.000559241	18.0664
0.000552179	18.0908
0.000545599	18.1152
0.000539735	18.1396
0.00053477	18.1641
0.000530864	18.1885
0.000528123	18.2129
0.000526561	18.2373
0.000526156	18.2617
0.000526861	18.2861
0.0005285	18.3105
0.000530767	18.335
0.000533277	18.3594
0.000535631	18.3838
0.000537524	18.4082
0.00053873	18.4326
0.000539069	18.457
0.000538438	18.4814
0.00053684	18.5059
0.000534381	18.5303
0.000531304	18.5547
0.000528029	18.5791
0.000525102	18.6035
0.000523047	18.6279
0.000522154	18.6523
0.000522409	18.6768
0.000523698	18.7012
0.000525947	18.7256
0.000529067	18.75
0.000532827	18.7744
0.000536771	18.7988
0.000540288	18.8232
0.000542825	18.8477
0.000544041	18.8721
0.000543739	18.8965
0.000541805	18.9209
0.000538236	18.9453
0.000533127	18.9697
0.00052671	18.9941
0.00051944	19.0186
0.00051188	19.043
0.000504399	19.0674
0.000496935	19.0918
0.000489209	19.1162
0.000481118	19.1406
0.00047282	19.165
0.000464568	19.1895
0.000456602	19.2139
0.000449109	19.2383
0.000442378	19.2627
0.000436893	19.2871
0.000433225	19.3115
0.000431905	19.3359
0.000433342	19.3604
0.000437693	19.3848
0.000444735	19.4092
0.000453878	19.4336
0.000464335	19.458
0.000475447	19.4824
0.00048684	19.5068
0.000498333	19.5312
0.00050982	19.5557
0.000521253	19.5801
0.00053269	19.6045
0.000544314	19.6289
0.000556395	19.6533
0.000569142	19.6777
0.000582609	19.7021
0.000596701	19.7266
0.000611208	19.751
0.000625958	19.7754
0.000640852	19.7998
0.000655835	19.8242
0.000670852	19.8486
0.000685826	19.873
0.000700595	19.8975
0.000714873	19.9219
0.000728409	19.9463
0.000741123	19.9707
0.000753143	19.9951
0.000764734	20.0195
0.000776215	20.0439
0.000787875	20.0684
0.000799923	20.0928
0.000812611	20.1172
0.000826238	20.1416
0.000841042	20.166
0.000857196	20.1904
0.000874842	20.2148
0.0008941	20.2393
0.000914908	20.2637
0.000936916	20.2881
0.000959593	20.3125
0.00098251	20.3369
0.00100551	20.3613
0.00102852	20.3857
0.00105145	20.4102
0.0010742	20.4346
0.00109669	20.459
0.00111893	20.4834
0.00114086	20.5078
0.00116236	20.5322
0.00118326	20.5566
0.00120353	20.5811
0.00122321	20.6055
0.00124241	20.6299
0.00126124	20.6543
0.00127983	20.6787
0.00129828	20.7031
0.00131661	20.7275
0.00133483	20.752
0.00135285	20.7764
0.00137053	20.8008
0.00138761	20.8252
0.00140375	20.8496
0.00141862	20.874
0.0014319	20.8984
0.00144336	20.9229
0.00145282	20.9473
0.00146022	20.9717
0.00146563	20.9961
0.00146928	21.0205
0.00147147	21.0449
0.00147235	21.0693
0.00147176	21.0938
0.00146951	21.1182
0.00146557	21.1426
0.00146001	21.167
0.00145298	21.1914
0.00144454	21.2158
0.00143471	21.2402
0.00142354	21.2646
0.0014111	21.2891
0.00139761	21.3135
0.00138324	21.3379
0.00136806	21.3623
0.00135204	21.3867
0.00133514	21.4111
0.00131745	21.4355
0.00129908	21.46
0.00128021	21.4844
0.00126104	21.5088
0.00124183	21.5332
0.00122285	21.5576
0.00120435	21.582
0.00118652	21.6064
0.0011694	21.6309
0.00115281	21.6553
0.00113639	21.6797
0.00111999	21.7041
0.00110376	21.7285
0.00108779	21.7529
0.001072	21.7773
0.00105633	21.8018
0.00104076	21.8262
0.00102523	21.8506
0.00100959	21.875
0.000993777	21.8994
0.000977895	21.9238
0.000962137	21.9482
0.000946717	21.9727
0.000931738	21.9971
0.000917215	22.0215
0.00090319	22.0459
0.000889682	22.0703
0.000876512	22.0947
0.000863563	22.1191
0.000850943	22.1436
0.000838967	22.168
0.000827916	22.1924
0.000817967	22.2168
0.000809152	22.2412
0.000801602	22.2656
0.000795776	22.29
0.000791852	22.3145
0.000789182	22.3389
0.000786816	22.3633
0.000784176	22.3877
0.000780807	22.4121
0.000776358	22.4365
0.000770789	22.4609
0.000764356	22.4854
0.000757559	22.5098
0.000751049	22.5342
0.000745529	22.5586
0.000741577	22.583
0.000739616	22.6074
0.000739931	22.6318
0.000742608	22.6562
0.000747494	22.6807
0.000754201	22.7051
0.000762253	22.7295
0.000771272	22.7539
0.00078094	22.7783
0.000791066	22.8027
0.000801482	22.8271
0.000812019	22.8516
0.000822531	22.876
0.000832929	22.9004
0.000843171	22.9248
0.000853277	22.9492
0.00086332	22.9736
0.000873362	22.998
0.000883435	23.0225
0.000893529	23.0469
0.000903753	23.0713
0.000914383	23.0957
0.000925792	23.1201
0.000938361	23.1445
0.000952441	23.1689
0.000968249	23.1934
0.000985674	23.2178
0.00100438	23.2422
0.00102407	23.2666
0.0010446	23.291
0.00106584	23.3154
0.00108756	23.3398
0.00110945	23.3643
0.00113117	23.3887
0.00115242	23.4131
0.00117302	23.4375
0.00119289	23.4619
0.00121206	23.4863
0.00123069	23.5107
0.00124912	23.5352
0.00126775	23.5596
0.00128681	23.584
0.00130626	23.6084
0.00132586	23.6328
0.00134532	23.6572
0.00136432	23.6816
0.00138262	23.7061
0.0014001	23.7305
0.00141671	23.7549
0.00143245	23.7793
0.00144735	23.8037
0.00146155	23.8281
0.00147543	23.8525
0.00148958	23.877
0.00150452	23.9014
0.00152051	23.9258
0.00153767	23.9502
0.00155608	23.9746
0.00157562	23.999
0.001596	24.0234
0.00161679	24.0479
0.00163762	24.0723
0.00165832	24.0967
0.00167875	24.1211
0.00169872	24.1455
0.00171803	24.1699
0.00173667	24.1943
0.00175472	24.2188
0.00177218	24.2432
0.00178888	24.2676
0.00180482	24.292
0.00182005	24.3164
0.00183462	24.3408
0.00184865	24.3652
0.0018624	24.3896
0.00187614	24.4141
0.00188991	24.4385
0.00190349	24.4629
0.0019165	24.4873
0.00192856	24.5117
0.0019394	24.5361
0.00194899	24.5605
0.00195736	24.585
0.00196463	24.6094
0.00197084	24.6338
0.00197591	24.6582
0.00197952	24.6826
0.00198125	24.707
0.00198077	24.7314
0.00197813	24.7559
0.00197374	24.7803
0.00196827	24.8047
0.00196243	24.8291
0.0019568	24.8535
0.00195193	24.8779
0.00194835	24.9023
0.00194639	24.9268
0.0019461	24.9512
0.00194725	24.9756
0.00194943	25
0.00195227	25.0244
0.00195543	25.0488
0.00195864	25.0732
0.00196165	25.0977
0.0019642	25.1221
0.00196607	25.1465
0.00196703	25.1709
0.00196693	25.1953
0.00196584	25.2197
0.00196395	25.2441
0.00196144	25.2686
0.00195825	25.293
0.00195423	25.3174
0.00194935	25.3418
0.00194366	25.3662
0.00193723	25.3906
0.00192991	25.415
0.00192142	25.4395
0.00191151	25.4639
0.00190006	25.4883
0.00188702	25.5127
0.0018724	25.5371
0.00185626	25.5615
0.00183863	25.5859
0.00181966	25.6104
0.00179965	25.6348
0.00177902	25.6592
0.00175813	25.6836
0.00173732	25.708
0.0017169	25.7324
0.00169722	25.7568
0.00167862	25.7812
0.00166132	25.8057
0.00164524	25.8301
0.0016302	25.8545
0.00161589	25.8789
0.00160199	25.9033
0.00158825	25.9277
0.00157446	25.9521
0.0015604	25.9766
0.00154591	26.001
0.00153079	26.0254
0.00151472	26.0498
0.00149742	26.0742
0.00147867	26.0986
0.00145847	26.123
0.00143708	26.1475
0.00141491	26.1719
0.00139239	26.1963
0.00136994	26.2207
0.00134779	26.2451
0.00132604	26.2695
0.00130493	26.2939
0.00128476	26.3184
0.00126577	26.3428
0.00124793	26.3672
0.00123109	26.3916
0.00121502	26.416
0.00119938	26.4404
0.00118396	26.4648
0.00116874	26.4893
0.00115379	26.5137
0.00113929	26.5381
0.00112529	26.5625
0.0011118	26.5869
0.00109891	26.6113
0.00108684	26.6357
0.00107599	26.6602
0.00106671	26.6846
0.00105901	26.709
0.00105249	26.7334
0.00104651	26.7578
0.00104043	26.7822
0.0010336	26.8066
0.00102551	26.8311
0.00101591	26.8555
0.00100485	26.8799
0.000992745	26.9043
0.000980127	26.9287
0.000967399	26.9531
0.000954858	26.9775
0.000942804	27.002
0.000931577	27.0264
0.00092152	27.0508
0.000912859	27.0752
0.000905657	27.0996
0.000899906	27.124
0.00089561	27.1484
0.000892768	27.1729
0.000891428	27.1973
0.000891651	27.2217
0.000893424	27.2461
0.000896656	27.2705
0.00090114	27.2949
0.000906651	27.3193
0.00091305	27.3438
0.000920107	27.3682
0.000927544	27.3926
0.00093526	27.417
0.000943498	27.4414
0.000952662	27.4658
0.000962962	27.4902
0.000974311	27.5146
0.000986548	27.5391
0.000999536	27.5635
0.00101294	27.5879
0.00102623	27.6123
0.00103903	27.6367
0.00105116	27.6611
0.0010628	27.6855
0.00107412	27.71
0.00108524	27.7344
0.00109636	27.7588
0.00110789	27.7832
0.00112026	27.8076
0.00113375	27.832
0.00114861	27.8564
0.00116512	27.8809
0.00118363	27.9053
0.00120423	27.9297
0.00122665	27.9541
0.0012506	27.9785
0.00127587	28.0029
0.00130216	28.0273
0.00132905	28.0518
0.00135617	28.0762
0.00138329	28.1006
0.0014103	28.125
0.00143709	28.1494
0.00146354	28.1738
0.00148958	28.1982
0.00151511	28.2227
0.00154002	28.2471
0.00156411	28.2715
0.0015871	28.2959
0.00160884	28.3203
0.00162931	28.3447
0.00164875	28.3691
0.00166745	28.3936
0.00168568	28.418
0.00170366	28.4424
0.00172159	28.4668
0.00173963	28.4912
0.00175775	28.5156
0.0017757	28.54
0.00179313	28.5645
0.00180963	28.5889
0.00182493	28.6133
0.00183905	28.6377
0.00185212	28.6621
0.0018643	28.6865
0.00187577	28.7109
0.00188677	28.7354
0.00189749	28.7598
0.00190804	28.7842
0.00191836	28.8086
0.00192839	28.833
0.00193803	28.8574
0.00194733	28.8818
0.00195644	28.9062
0.00196551	28.9307
0.00197458	28.9551
0.00198356	28.9795
0.00199243	29.0039
0.00200123	29.0283
0.00200991	29.0527
0.0020182	29.0771
0.0020257	29.1016
0.00203213	29.126
0.00203736	29.1504
0.00204123	29.1748
0.00204368	29.1992
0.0020448	29.2236
0.00204482	29.248
0.00204401	29.2725
0.00204257	29.2969
0.00204057	29.3213
0.00203806	29.3457
0.00203507	29.3701
0.00203152	29.3945
0.00202722	29.4189
0.00202208	29.4434
0.00201618	29.4678
0.00200963	29.4922
0.0020026	29.5166
0.00199525	29.541
0.00198775	29.5654
0.00198031	29.5898
0.00197322	29.6143
0.00196683	29.6387
0.00196131	29.6631
0.00195661	29.6875
0.00195263	29.7119
0.00194927	29.7363
0.00194652	29.7607
0.00194435	29.7852
0.00194264	29.8096
0.00194122	29.834
0.00194003	29.8584
0.00193911	29.8828
0.00193859	29.9072
0.00193848	29.9316
0.00193873	29.9561
0.00193924	29.9805
0.00194001	30.0049
0.00194122	30.0293
0.00194311	30.0537
0.00194598	30.0781
0.00195001	30.1025
0.00195517	30.127
0.00196129	30.1514
0.00196819	30.1758
0.00197571	30.2002
0.00198356	30.2246
0.0019914	30.249
0.00199879	30.2734
0.00200527	30.2979
0.00201051	30.3223
0.00201445	30.3467
0.00201729	30.3711
0.00201928	30.3955
0.00202065	30.4199
0.00202155	30.4443
0.00202202	30.4688
0.00202206	30.4932
0.00202172	30.5176
0.00202109	30.542
0.0020202	30.5664
0.00201904	30.5908
0.00201754	30.6152
0.00201558	30.6396
0.00201307	30.6641
0.00200984	30.6885
0.00200574	30.7129
0.0020007	30.7373
0.00199473	30.7617
0.00198783	30.7861
0.00198006	30.8105
0.00197162	30.835
0.00196281	30.8594
0.00195406	30.8838
0.00194569	30.9082
0.0019378	30.9326
0.00193041	30.957
0.00192363	30.9814
0.00191753	31.0059
0.00191205	31.0303
0.00190688	31.0547
0.00190164	31.0791
0.00189594	31.1035
0.00188947	31.1279
0.00188196	31.1523
0.00187319	31.1768
0.00186303	31.2012
0.00185137	31.2256
0.00183817	31.25
0.00182344	31.2744
0.00180734	31.2988
0.00179012	31.3232
0.00177189	31.3477
0.00175269	31.3721
0.00173265	31.3965
0.00171201	31.4209
0.00169096	31.4453
0.00166945	31.4697
0.00164724	31.4941
0.00162417	31.5186
0.00160029	31.543
0.00157584	31.5674
0.00155097	31.5918
0.00152563	31.6162
0.00149963	31.6406
0.00147285	31.665
0.00144535	31.6895
0.00141735	31.7139
0.00138923	31.7383
0.00136151	31.7627
0.00133474	31.7871
0.0013096	31.8115
0.00128683	31.8359
0.00126694	31.8604
0.00125022	31.8848
0.00123669	31.9092
0.00122608	31.9336
0.0012179	31.958
0.00121134	31.9824
0.00120551	32.0068
0.00119962	32.0312
0.0011932	32.0557
0.00118603	32.0801
0.00117793	32.1045
0.00116879	32.1289
0.0011586	32.1533
0.00114758	32.1777
0.00113616	32.2021
0.00112481	32.2266
0.00111405	32.251
0.00110431	32.2754
0.00109596	32.2998
0.00108919	32.3242
0.00108401	32.3486
0.00108027	32.373
0.00107767	32.3975
0.00107584	32.4219
0.00107437	32.4463
0.00107293	32.4707
0.00107133	32.4951
0.00106947	32.5195
0.00106737	32.5439
0.00106506	32.5684
0.00106253	32.5928
0.00105967	32.6172
0.00105639	32.6416
0.00105279	32.666
0.00104911	32.6904
0.00104557	32.7148
0.00104235	32.7393
0.00103977	32.7637
0.00103808	32.7881
0.00103737	32.8125
0.00103753	32.8369
0.0010385	32.8613
0.00104029	32.8857
0.00104297	32.9102
0.00104653	32.9346
0.00105087	32.959
0.00105582	32.9834
0.00106117	33.0078
0.00106675	33.0322
0.00107247	33.0566
0.00107853	33.0811
0.00108518	33.1055
0.00109258	33.1299
0.00110081	33.1543
0.00110993	33.1787
0.00111999	33.2031
0.00113107	33.2275
0.00114324	33.252
0.0011565	33.2764
0.00117079	33.3008
0.00118593	33.3252
0.00120162	33.3496
0.00121747	33.374
0.00123316	33.3984
0.00124843	33.4229
0.00126307	33.4473
0.00127693	33.4717
0.00128994	33.4961
0.0013021	33.5205
0.00131353	33.5449
0.00132446	33.5693
0.00133518	33.5938
0.00134595	33.6182
0.00135687	33.6426
0.00136799	33.667
0.00137932	33.6914
0.00139101	33.7158
0.00140334	33.7402
0.00141656	33.7646
0.00143084	33.7891
0.00144626	33.8135
0.0014627	33.8379
0.00147986	33.8623
0.00149714	33.8867
0.00151386	33.9111
0.00152936	33.9355
0.0015434	33.96
0.00155611	33.9844
0.00156794	34.0088
0.00157946	34.0332
0.00159119	34.0576
0.00160348	34.082
0.00161646	34.1064
0.00163008	34.1309
0.00164422	34.1553
0.00165874	34.1797
0.00167345	34.2041
0.00168824	34.2285
0.00170313	34.2529
0.00171841	34.2773
0.00173427	34.3018
0.00175057	34.3262
0.00176685	34.3506
0.00178258	34.375
0.00179746	34.3994
0.00181134	34.4238
0.0018243	34.4482
0.00183644	34.4727
0.00184792	34.4971
0.00185873	34.5215
0.00186879	34.5459
0.00187792	34.5703
0.00188597	34.5947
0.00189292	34.6191
0.001899	34.6436
0.00190442	34.668
0.00190928	34.6924
0.00191352	34.7168
0.00191709	34.7412
0.00192013	34.7656
0.00192293	34.79
0.0019259	34.8145
0.00192941	34.8389
0.00193368	34.8633
0.00193865	34.8877
0.00194402	34.9121
0.00194941	34.9365
0.00195447	34.9609
0.00195892	34.9854
0.00196264	35.0098
0.00196563	35.0342
0.00196789	35.0586
0.0019694	35.083
0.00197015	35.1074
0.00197018	35.1318
0.00196942	35.1562
0.00196791	35.1807
0.00196579	35.2051
0.00196332	35.2295
0.00196074	35.2539
0.00195823	35.2783
0.00195583	35.3027
0.00195351	35.3271
0.00195103	35.3516
0.00194814	35.376
0.00194449	35.4004
0.00193988	35.4248
0.00193438	35.4492
0.00192828	35.4736
0.00192198	35.498
0.00191567	35.5225
0.00190944	35.5469
0.00190317	35.5713
0.00189663	35.5957
0.00188952	35.6201
0.00188155	35.6445
0.00187259	35.6689
0.00186271	35.6934
0.0018521	35.7178
0.00184095	35.7422
0.00182941	35.7666
0.00181753	35.791
0.00180528	35.8154
0.0017926	35.8398
0.00177968	35.8643
0.00176669	35.8887
0.00175385	35.9131
0.00174121	35.9375
0.00172868	35.9619
0.00171613	35.9863
0.00170358	36.0107
0.00169112	36.0352
0.00167869	36.0596
0.00166611	36.084
0.00165339	36.1084
0.00164073	36.1328
0.00162837	36.1572
0.00161654	36.1816
0.00160539	36.2061
0.00159496	36.2305
0.00158527	36.2549
0.00157612	36.2793
0.00156717	36.3037
0.00155819	36.3281
0.00154917	36.3525
0.00154018	36.377
0.00153125	36.4014
0.00152233	36.4258
0.00151348	36.4502
0.00150496	36.4746
0.00149711	36.499
0.00149015	36.5234
0.00148411	36.5479
0.00147906	36.5723
0.0014751	36.5967
0.00147208	36.6211
0.0014696	36.6455
0.00146718	36.6699
0.00146441	36.6943
0.00146109	36.7188
0.00145715	36.7432
0.00145244	36.7676
0.00144677	36.792
0.00143988	36.8164
0.00143157	36.8408
0.00142159	36.8652
0.00140973	36.8896
0.00139604	36.9141
0.00138072	36.9385
0.00136414	36.9629
0.00134653	36.9873
0.00132799	37.0117
0.00130868	37.0361
0.00128904	37.0605
0.00126978	37.085
0.00125156	37.1094
0.00123485	37.1338
0.00121993	37.1582
0.00120688	37.1826
0.0011957	37.207
0.00118612	37.2314
0.00117787	37.2559
0.00117074	37.2803
0.00116469	37.3047
0.00115986	37.3291
0.00115644	37.3535
0.00115462	37.3779
0.00115435	37.4023
0.00115547	37.4268
0.00115778	37.4512
0.00116113	37.4756
0.00116541	37.5
0.00117054	37.5244
0.00117625	37.5488
0.00118225	37.5732
0.00118832	37.5977
0.00119427	37.6221
0.00119987	37.6465
0.0012049	37.6709
0.0012092	37.6953
0.00121272	37.7197
0.00121545	37.7441
0.00121752	37.7686
0.00121911	37.793
0.00122048	37.8174
0.00122193	37.8418
0.00122384	37.8662
0.00122658	37.8906
0.00123037	37.915
0.00123543	37.9395
0.0012417	37.9639
0.00124894	37.9883
0.00125685	38.0127
0.0012651	38.0371
0.0012733	38.0615
0.00128111	38.0859
0.00128825	38.1104
0.00129437	38.1348
0.00129918	38.1592
0.00130265	38.1836
0.00130476	38.208
0.00130555	38.2324
0.00130505	38.2568
0.00130324	38.2812
0.00130012	38.3057
0.00129583	38.3301
0.00129057	38.3545
0.00128456	38.3789
0.00127799	38.4033
0.00127109	38.4277
0.00126414	38.4521
0.00125728	38.4766
0.00125049	38.501
0.00124367	38.5254
0.0012368	38.5498
0.00123	38.5742
0.00122343	38.5986
0.00121713	38.623
0.00121101	38.6475
0.00120498	38.6719
0.00119894	38.6963
0.00119284	38.7207
0.00118658	38.7451
0.0011799	38.7695
0.00117237	38.7939
0.00116357	38.8184
0.00115331	38.8428
0.00114167	38.8672
0.00112892	38.8916
0.00111545	38.916
0.00110167	38.9404
0.0010879	38.9648
0.00107423	38.9893
0.00106069	39.0137
0.00104713	39.0381
0.00103329	39.0625
0.00101906	39.0869
0.00100459	39.1113
0.000990207	39.1357
0.000976256	39.1602
0.000962939	39.1846
0.000950212	39.209
0.000937895	39.2334
0.000925689	39.2578
0.000913231	39.2822
0.000900293	39.3066
0.000886921	39.3311
0.00087329	39.3555
0.000859579	39.3799
0.000846012	39.4043
0.00083292	39.4287
0.000820723	39.4531
0.000809771	39.4775
0.000800242	39.502
0.000792084	39.5264
0.000785042	39.5508
0.000778743	39.5752
0.000772727	39.5996
0.000766661	39.624
0.00076041	39.6484
0.000753854	39.6729
0.000746755	39.6973
0.000738804	39.7217
0.000729804	39.7461
0.00071979	39.7705
0.000709024	39.7949
0.000697896	39.8193
0.000686722	39.8438
0.000675725	39.8682
0.000665288	39.8926
0.000655997	39.917
0.000648491	39.9414
0.000643315	39.9658
0.000640854	39.9902
0.000641217	40.0146
0.000644286	40.0391
0.000649798	40.0635
0.000657367	40.0879
0.000666616	40.1123
0.000677143	40.1367
0.000688316	40.1611
0.000699369	40.1855
0.000709746	40.21
0.000719242	40.2344
0.000727885	40.2588
0.000735922	40.2832
0.00074374	40.3076
0.000751663	40.332
0.000759853	40.3564
0.000768308	40.3809
0.000777046	40.4053
0.000786249	40.4297
0.000796202	40.4541
0.000807008	40.4785
0.000818615	40.5029
0.000831059	40.5273
0.000844599	40.5518
0.000859527	40.5762
0.000875964	40.6006
0.000893812	40.625
0.000912851	40.6494
0.000932911	40.6738
0.000953962	40.6982
0.000976061	40.7227
0.000999151	40.7471
0.00102303	40.7715
0.00104749	40.7959
0.00107232	40.8203
0.00109744	40.8447
0.00112288	40.8691
0.00114863	40.8936
0.00117448	40.918
0.00119998	40.9424
0.00122458	40.9668
0.00124774	40.9912
0.00126913	41.0156
0.00128862	41.04
0.00130608	41.0645
0.00132131	41.0889
0.0013342	41.1133
0.00134485	41.1377
0.00135361	41.1621
0.0013611	41.1865
0.00136794	41.2109
0.00137455	41.2354
0.00138105	41.2598
0.0013874	41.2842
0.00139344	41.3086
0.00139905	41.333
0.00140423	41.3574
0.0014089	41.3818
0.00141287	41.4062
0.00141591	41.4307
0.00141779	41.4551
0.00141845	41.4795
0.0014179	41.5039
0.00141618	41.5283
0.00141333	41.5527
0.00140938	41.5771
0.00140442	41.6016
0.00139868	41.626
0.00139248	41.6504
0.0013862	41.6748
0.00138001	41.6992
0.00137392	41.7236
0.00136783	41.748
0.00136166	41.7725
0.00135528	41.7969
0.00134856	41.8213
0.00134143	41.8457
0.00133381	41.8701
0.00132558	41.8945
0.00131663	41.9189
0.00130687	41.9434
0.00129632	41.9678
0.0012852	41.9922
0.00127378	42.0166
0.00126226	42.041
0.00125078	42.0654
0.00123955	42.0898
0.00122882	42.1143
0.00121893	42.1387
0.00121025	42.1631
0.00120317	42.1875
0.00119791	42.2119
0.00119438	42.2363
0.00119221	42.2607
0.00119089	42.2852
0.00119003	42.3096
0.00118931	42.334
0.00118843	42.3584
0.00118716	42.3828
0.00118527	42.4072
0.00118252	42.4316
0.00117883	42.4561
0.00117425	42.4805
0.00116893	42.5049
0.0011631	42.5293
0.00115682	42.5537
0.0011501	42.5781
0.00114307	42.6025
0.00113601	42.627
0.00112918	42.6514
0.00112269	42.6758
0.00111642	42.7002
0.00111016	42.7246
0.00110381	42.749
0.00109729	42.7734
0.00109061	42.7979
0.00108397	42.8223
0.00107786	42.8467
0.00107259	42.8711
0.00106829	42.8955
0.00106509	42.9199
0.00106328	42.9443
0.0010631	42.9688
0.00106439	42.9932
0.00106674	43.0176
0.00106973	43.042
0.00107283	43.0664
0.00107541	43.0908
0.00107683	43.1152
0.00107662	43.1396
0.00107469	43.1641
0.00107118	43.1885
0.00106646	43.2129
0.00106093	43.2373
0.00105488	43.2617
0.00104864	43.2861
0.00104251	43.3105
0.00103673	43.335
0.00103125	43.3594
0.00102594	43.3838
0.00102093	43.4082
0.00101645	43.4326
0.00101254	43.457
0.00100901	43.4814
0.00100549	43.5059
0.00100177	43.5303
0.000997908	43.5547
0.000994064	43.5791
0.000990231	43.6035
0.000986177	43.6279
0.000981689	43.6523
0.000976751	43.6768
0.000971392	43.7012
0.000965679	43.7256
0.000959759	43.75
0.000953765	43.7744
0.000947906	43.7988
0.000942543	43.8232
0.00093798	43.8477
0.000934364	43.8721
0.000931574	43.8965
0.00092928	43.9209
0.00092702	43.9453
0.000924337	43.9697
0.00092093	43.9941
0.000916772	44.0186
0.000912063	44.043
0.000907116	44.0674
0.000902384	44.0918
0.000898311	44.1162
0.000895294	44.1406
0.000893543	44.165
0.000893107	44.1895
0.000893908	44.2139
0.000895771	44.2383
0.000898398	44.2627
0.000901451	44.2871
0.000904479	44.3115
0.000907041	44.3359
0.000908892	44.3604
0.000909976	44.3848
0.000910365	44.4092
0.000910057	44.4336
0.000909072	44.458
0.000907629	44.4824
0.000906011	44.5068
0.000904438	44.5312
0.000903043	44.5557
0.000901883	44.5801
0.000900988	44.6045
0.000900313	44.6289
0.000899652	44.6533
0.000898743	44.6777
0.000897428	44.7021
0.000895596	44.7266
0.000893207	44.751
0.000890296	44.7754
0.000886936	44.7998
0.000883187	44.8242
0.000878963	44.8486
0.000874044	44.873
0.000868186	44.8975
0.00086115	44.9219
0.0008527	44.9463
0.000842689	44.9707
0.000831093	44.9951
0.000818021	45.0195
0.000803711	45.0439
0.000788512	45.0684
0.000772805	45.0928
0.000756865	45.1172
0.000740822	45.1416
0.000724618	45.166
0.000708079	45.1904
0.00069102	45.2148
0.000673338	45.2393
0.000654985	45.2637
0.000635925	45.2881
0.000616154	45.3125
0.000595701	45.3369
0.00057445	45.3613
0.000552246	45.3857
0.000528987	45.4102
0.000504573	45.4346
0.00047899	45.459
0.000452312	45.4834
0.000424679	45.5078
0.000396329	45.5322
0.000367505	45.5566
0.000338506	45.5811
0.000309722	45.6055
0.000281532	45.6299
0.000254377	45.6543
0.000228758	45.6787
0.000205075	45.7031
0.0001835	45.7275
0.000164129	45.752
0.000146782	45.7764
0.000131224	45.8008
0.000117498	45.8252
0.000105803	45.8496
9.66604e-05	45.874
9.08137e-05	45.8984
8.90712e-05	45.9229
9.20496e-05	45.9473
9.97784e-05	45.9717
0.000111774	45.9961
0.000127204	46.0205
0.000145149	46.0449
0.000164716	46.0693
0.000185065	46.0938
0.000205554	46.1182
0.000225693	46.1426
0.000245277	46.167
0.000264159	46.1914
0.000282268	46.2158
0.000299616	46.2402
0.000316273	46.2646
0.000332435	46.2891
0.000348365	46.3135
0.000364339	46.3379
0.000380548	46.3623
0.000397046	46.3867
0.000413813	46.4111
0.000430868	46.4355
0.000448049	46.46
0.000464991	46.4844
0.000481418	46.5088
0.000497041	46.5332
0.000511624	46.5576
0.000525003	46.582
0.000537018	46.6064
0.000547661	46.6309
0.000557088	46.6553
0.000565614	46.6797
0.000573559	46.7041
0.000581153	46.7285
0.000588541	46.7529
0.0005958	46.7773
0.000603099	46.8018
0.000610585	46.8262
0.000618404	46.8506
0.00062684	46.875
0.000636129	46.8994
0.000646376	46.9238
0.000657463	46.9482
0.000669092	46.9727
0.000680881	46.9971
0.000692423	47.0215
0.00070324	47.0459
0.000712843	47.0703
0.000720892	47.0947
0.000727319	47.1191
0.000732228	47.1436
0.000735806	47.168
0.000738234	47.1924
0.000739643	47.2168
0.000740303	47.2412
0.000740682	47.2656
0.000741181	47.29
0.00074198	47.3145
0.000743069	47.3389
0.000744409	47.3633
0.000745943	47.3877
0.000747468	47.4121
0.000748737	47.4365
0.000749569	47.4609
0.000749854	47.4854
0.000749591	47.5098
0.000748881	47.5342
0.000747937	47.5586
0.000747099	47.583
0.000746699	47.6074
0.000746976	47.6318
0.000748072	47.6562
0.000750111	47.6807
0.000753386	47.7051
0.000758264	47.7295
0.000764856	47.7539
0.000772995	47.7783
0.000782382	47.8027
0.000792829	47.8271
0.000804276	47.8516
0.00081651	47.876
0.000829161	47.9004
0.000841875	47.9248
0.000854468	47.9492
0.000866821	47.9736
0.000878697	47.998
0.000889763	48.0225
0.000899679	48.0469
0.000908252	48.0713
0.000915364	48.0957
0.000920962	48.1201
0.00092524	48.1445
0.000928517	48.1689
0.000931073	48.1934
0.000933135	48.2178
0.000934792	48.2422
0.00093602	48.2666
0.00093676	48.291
0.000936794	48.3154
0.000935781	48.3398
0.000933425	48.3643
0.000929597	48.3887
0.000924399	48.4131
0.000918087	48.4375
0.000910942	48.4619
0.000903175	48.4863
0.000894907	48.5107
0.00088622	48.5352
0.000877137	48.5596
0.000867644	48.584
0.000857744	48.6084
0.000847462	48.6328
0.000836823	48.6572
0.000825894	48.6816
0.000814779	48.7061
0.000803602	48.7305
0.000792578	48.7549
0.000781965	48.7793
0.000772041	48.8037
0.000763027	48.8281
0.000755096	48.8525
0.00074846	48.877
0.000743218	48.9014
0.000739341	48.9258
0.00073663	48.9502
0.000734794	48.9746
0.000733542	48.999
0.000732556	49.0234
0.000731558	49.0479
0.000730278	49.0723
0.000728577	49.0967
0.000726435	49.1211
0.000723871	49.1455
0.000720987	49.1699
0.000717895	49.1943
0.000714742	49.2188
0.000711648	49.2432
0.000708673	49.2676
0.000705926	49.292
0.000703554	49.3164
0.000701615	49.3408
0.000700189	49.3652
0.000699327	49.3896
0.000699112	49.4141
0.000699576	49.4385
0.00070076	49.4629
0.000702741	49.4873
0.000705661	49.5117
0.000709595	49.5361
0.000714459	49.5605
0.000720059	49.585
0.000726117	49.6094
0.000732421	49.6338
0.000738911	49.6582
0.000745632	49.6826
0.00075247	49.707
0.000759222	49.7314
0.000765748	49.7559
0.000771884	49.7803
0.000777537	49.8047
0.000782757	49.8291
0.000787714	49.8535
0.000792757	49.8779
0.000798144	49.9023
0.000803942	49.9268
0.000810086	49.9512
0.00081659	49.9756
