# This is not computed as standard, but you can recreate it by adding an inv transform for the original Database
# and picking the correct `computeAmplitudes()` routine by manipulating relevant flags.
# This file is for demonstration, please do not delete.
0	0
-0.0025	0.01
-0.0025	0.02
-0.0025	0.03
-0.0024	0.04
-0.0024	0.05
-0.0023	0.06
-0.0023	0.07
-0.0024	0.08
-0.0024	0.09
-0.0023	0.1
-0.0023	0.11
-0.0023	0.12
-0.0023	0.13
-0.0021	0.14
-0.002	0.15
-0.002	0.16
-0.0022	0.17
-0.0023	0.18
-0.0023	0.19
-0.0022	0.2
-0.0021	0.21
-0.002	0.22
-0.0019	0.23
-0.002	0.24
-0.0021	0.25
-0.0022	0.26
-0.0021	0.27
-0.0018	0.28
-0.0015	0.29
-0.0013	0.3
-0.0016	0.31
-0.0024	0.32
-0.0028	0.33
-0.0024	0.34
-0.0017	0.35
-0.0014	0.36
-0.0014	0.37
-0.0013	0.38
-0.002	0.39
-0.003	0.4
-0.003	0.41
-0.002	0.42
-0.0012	0.43
-0.0017	0.44
-0.0025	0.45
-0.0016	0.46
-0.0003	0.47
-0.0007	0.48
-0.0021	0.49
-0.0027	0.5
-0.0017	0.51
-0.0015	0.52
-0.002	0.53
-0.0009	0.54
-0.0001	0.55
-0.0006	0.56
-0.0018	0.57
-0.0017	0.58
-0.0005	0.59
-0.0007	0.6
-0.0011	0.61
-0.001	0.62
-0.0012	0.63
-0.002	0.64
-0.0023	0.65
-0.0019	0.66
-0.001	0.67
-0.0005	0.68
-0.0011	0.69
-0.0017	0.7
-0.0003	0.71
0.0013	0.72
0.0012	0.73
-0.0005	0.74
-0.0013	0.75
-0.0005	0.76
0.0009	0.77
0.001	0.78
0.0017	0.79
0.0027	0.8
0.0019	0.81
-0.0006	0.82
-0.0026	0.83
-0.0017	0.84
-0.0009	0.85
-0.0023	0.86
-0.0019	0.87
0.0019	0.88
0.0067	0.89
0.0049	0.9
-0.0034	0.91
-0.008	0.92
-0.0056	0.93
-0.0001	0.94
0.0013	0.95
-0.0046	0.96
-0.008	0.97
0.0011	0.98
0.0135	0.99
0.0128	1
1.5439e-16	1.01
-0.0095	1.02
-0.0038	1.03
0.007	1.04
0.0079	1.05
0.0053	1.06
0.0087	1.07
0.0087	1.08
-0.001	1.09
-0.0072	1.1
-0.0003	1.11
0.0122	1.12
0.0098	1.13
-0.0078	1.14
-0.0118	1.15
-0.0021	1.16
0.0031	1.17
0.0034	1.18
0.0018	1.19
0.0022	1.2
0.0053	1.21
0.0062	1.22
0.0039	1.23
-0.0021	1.24
-0.0099	1.25
-0.0067	1.26
0.0062	1.27
0.0114	1.28
0.0039	1.29
-0.009	1.3
-0.0147	1.31
-0.0061	1.32
0.008	1.33
0.0124	1.34
0.006	1.35
0.0008	1.36
-0.0035	1.37
-0.0092	1.38
-0.0104	1.39
0.0002	1.4
0.0105	1.41
0.0165	1.42
0.0027	1.43
-0.0207	1.44
-0.0166	1.45
0.0023	1.46
0.0118	1.47
0.0011	1.48
-0.0182	1.49
-0.0191	1.5
-0.0022	1.51
0.0131	1.52
0.0173	1.53
0.013	1.54
0.0031	1.55
-0.0102	1.56
-0.0242	1.57
-0.0231	1.58
0.0022	1.59
0.031	1.6
0.0383	1.61
0.0148	1.62
-0.008	1.63
-0.013	1.64
-0.0051	1.65
0.0007	1.66
0.0046	1.67
0.0109	1.68
0.0123	1.69
0.0048	1.7
-0.0061	1.71
-0.0114	1.72
0.0093	1.73
0.0338	1.74
0.0382	1.75
0.0174	1.76
-0.0004	1.77
0.0002	1.78
0.0175	1.79
0.035	1.8
0.0184	1.81
-0.0233	1.82
-0.0282	1.83
-0.0053	1.84
0.0151	1.85
0.0174	1.86
0.0004	1.87
-0.0116	1.88
-0.0046	1.89
0.0103	1.9
0.0092	1.91
0.0091	1.92
0.0177	1.93
0.0251	1.94
0.0267	1.95
-0.0021	1.96
-0.031	1.97
-0.012	1.98
0.0285	1.99
0.0366	2
0.0087	2.01
-0.0182	2.02
-0.0271	2.03
-0.0228	2.04
-0.0007	2.05
0.0336	2.06
0.0544	2.07
0.0235	2.08
-0.0344	2.09
-0.0458	2.1
-0.0117	2.11
0.0175	2.12
0.02	2.13
0.0091	2.14
0.0019	2.15
-0.0042	2.16
-0.0017	2.17
0.0049	2.18
0.0089	2.19
0.012	2.2
0.0042	2.21
-0.0133	2.22
-0.0312	2.23
-0.0381	2.24
-0.0314	2.25
-0.0109	2.26
0.0151	2.27
0.038	2.28
0.0401	2.29
0.0052	2.3
-0.022	2.31
-0.0085	2.32
0.0288	2.33
0.0566	2.34
0.0398	2.35
-0.0137	2.36
-0.0359	2.37
-0.0264	2.38
-0.0164	2.39
-0.011	2.4
-0.0085	2.41
0.0013	2.42
0.008	2.43
-0.0164	2.44
-0.0442	2.45
-0.0212	2.46
0.0298	2.47
0.0585	2.48
0.0561	2.49
0.0277	2.5
-0.0171	2.51
-0.0402	2.52
-0.0157	2.53
0.0254	2.54
0.0525	2.55
0.0248	2.56
-0.0503	2.57
-0.0926	2.58
-0.0405	2.59
0.0393	2.6
0.0555	2.61
0.0288	2.62
0.0154	2.63
0.026	2.64
0.0151	2.65
-0.0262	2.66
-0.0381	2.67
-0.0099	2.68
0.0297	2.69
0.0684	2.7
0.092	2.71
0.0461	2.72
-0.0643	2.73
-0.1014	2.74
-0.0242	2.75
0.0318	2.76
0.0317	2.77
0.0157	2.78
0.0223	2.79
0.0479	2.8
0.0642	2.81
0.0695	2.82
0.0276	2.83
-0.0581	2.84
-0.0771	2.85
-0.0278	2.86
0.015	2.87
0.015	2.88
-0.0014	2.89
0.0123	2.9
0.0411	2.91
0.0508	2.92
0.0423	2.93
0.0416	2.94
0.0127	2.95
-0.0526	2.96
-0.0665	2.97
-0.0265	2.98
-0.0031	2.99
-0.0458	3
-0.0955	3.01
-0.0589	3.02
0.0199	3.03
0.0424	3.04
0.0072	3.05
-0.0112	3.06
-0.012	3.07
-0.0243	3.08
-0.0309	3.09
-0.0314	3.1
-0.0267	3.11
-0.0034	3.12
0.0391	3.13
0.041	3.14
-0.0632	3.15
-0.0933	3.16
-0.0003	3.17
0.0204	3.18
0.0017	3.19
-0.0399	3.2
-0.0854	3.21
-0.0999	3.22
-0.0863	3.23
-0.0448	3.24
-0.0036	3.25
0.0027	3.26
-0.0073	3.27
-0.0048	3.28
-0.0087	3.29
-0.0094	3.3
0.0227	3.31
0.0348	3.32
0.0054	3.33
-0.0323	3.34
-0.0625	3.35
-0.0464	3.36
0.0035	3.37
0.0213	3.38
-0.0006	3.39
-0.0316	3.4
-0.0498	3.41
-0.0557	3.42
-0.0524	3.43
-0.054	3.44
-0.0518	3.45
-0.013	3.46
0.0483	3.47
0.0899	3.48
0.0641	3.49
-0.0027	3.5
-0.0424	3.51
-0.0289	3.52
-0.009	3.53
-0.0117	3.54
0.0012	3.55
0.0515	3.56
0.0732	3.57
0.0288	3.58
-0.0074	3.59
0.0229	3.6
0.063	3.61
0.023	3.62
-0.0454	3.63
-0.072	3.64
-0.0356	3.65
-0.0059	3.66
-0.0511	3.67
-0.107	3.68
-0.1024	3.69
-0.059	3.7
-0.031	3.71
-0.0331	3.72
-0.0338	3.73
-0.0067	3.74
0.0094	3.75
-0.0131	3.76
-0.0351	3.77
-0.0008	3.78
0.0548	3.79
0.0966	3.8
0.1031	3.81
0.0898	3.82
0.0901	3.83
0.098	3.84
0.1003	3.85
0.1052	3.86
0.1156	3.87
0.1243	3.88
0.1216	3.89
0.0982	3.9
0.0641	3.91
0.0413	3.92
0.0185	3.93
-0.0125	3.94
-0.0291	3.95
-0.0114	3.96
0.035	3.97
0.0583	3.98
0.0227	3.99
-0.0308	4
-0.0175	4.01
0.0204	4.02
0.0099	4.03
-0.0065	4.04
0.022	4.05
0.0821	4.06
0.1333	4.07
0.1342	4.08
0.097	4.09
0.0675	4.1
0.0842	4.11
0.1268	4.12
0.163	4.13
0.178	4.14
0.1801	4.15
0.1754	4.16
0.1645	4.17
0.1412	4.18
0.1139	4.19
0.1003	4.2
0.1101	4.21
0.1382	4.22
0.1677	4.23
0.1947	4.24
0.217	4.25
0.234	4.26
0.2388	4.27
0.2287	4.28
0.1998	4.29
0.1602	4.3
0.1178	4.31
0.0599	4.32
0.0071	4.33
-0.0237	4.34
-0.0468	4.35
-0.0676	4.36
-0.0914	4.37
-0.1033	4.38
-0.0812	4.39
-0.0418	4.4
-0.0145	4.41
0.0008	4.42
-0.0009	4.43
-0.0153	4.44
-0.0165	4.45
0.0022	4.46
0.0201	4.47
0.0259	4.48
0.0109	4.49
-0.0117	4.5
-0.0332	4.51
-0.0524	4.52
-0.0622	4.53
-0.0717	4.54
-0.081	4.55
-0.0924	4.56
-0.1164	4.57
-0.1513	4.58
-0.1829	4.59
-0.1951	4.6
-0.1831	4.61
-0.1631	4.62
-0.1671	4.63
-0.2115	4.64
-0.265	4.65
-0.2827	4.66
-0.278	4.67
-0.2688	4.68
-0.2515	4.69
-0.235	4.7
-0.2103	4.71
-0.1756	4.72
-0.1342	4.73
-0.097	4.74
-0.0873	4.75
-0.0834	4.76
-0.0517	4.77
-0.0285	4.78
-0.0388	4.79
-0.0636	4.8
-0.1057	4.81
-0.1398	4.82
-0.1008	4.83
0.042	4.84
0.1452	4.85
0.0883	4.86
0.0479	4.87
0.0286	4.88
-0.0348	4.89
-0.0879	4.9
-0.1349	4.91
-0.1793	4.92
-0.2051	4.93
-0.2124	4.94
-0.2048	4.95
-0.191	4.96
-0.185	4.97
-0.1851	4.98
-0.1811	4.99
-0.1649	5
-0.1363	5.01
-0.1011	5.02
-0.0736	5.03
-0.0671	5.04
-0.0681	5.05
-0.0581	5.06
-0.0405	5.07
-0.0132	5.08
0.0308	5.09
0.1135	5.1
0.2379	5.11
0.2079	5.12
-0.0231	5.13
-0.0364	5.14
-0.0117	5.15
-0.049	5.16
-0.0637	5.17
-0.0868	5.18
-0.0946	5.19
-0.1043	5.2
-0.1228	5.21
-0.1373	5.22
-0.1605	5.23
-0.1784	5.24
-0.1754	5.25
-0.1333	5.26
-0.0644	5.27
0.0002	5.28
0.0466	5.29
0.086	5.3
0.1279	5.31
0.1856	5.32
0.2269	5.33
0.1578	5.34
-0.0291	5.35
-0.1139	5.36
-0.1046	5.37
-0.0784	5.38
-0.0058	5.39
0.0841	5.4
0.1785	5.41
0.2532	5.42
0.2978	5.43
0.3114	5.44
0.3199	5.45
0.3293	5.46
0.3104	5.47
0.2275	5.48
0.09	5.49
-0.0524	5.5
-0.2036	5.51
-0.2599	5.52
-0.1833	5.53
-0.1906	5.54
-0.2395	5.55
-0.2076	5.56
-0.1799	5.57
-0.1584	5.58
-0.1378	5.59
-0.1264	5.6
-0.1149	5.61
-0.1367	5.62
-0.1641	5.63
-0.1593	5.64
-0.1317	5.65
-0.0808	5.66
-0.0005	5.67
0.0899	5.68
0.1647	5.69
0.2195	5.7
0.263	5.71
0.2928	5.72
0.3006	5.73
0.2684	5.74
0.2002	5.75
0.1279	5.76
0.0575	5.77
-0.0034	5.78
-0.0453	5.79
-0.0811	5.8
-0.1147	5.81
-0.1211	5.82
-0.0822	5.83
-0.032	5.84
0.0155	5.85
0.0732	5.86
0.1488	5.87
0.211	5.88
0.2381	5.89
0.2417	5.9
0.2358	5.91
0.2217	5.92
0.2026	5.93
0.1866	5.94
0.1748	5.95
0.1504	5.96
0.0969	5.97
0.0281	5.98
-0.0334	5.99
-0.08	6
-0.1227	6.01
-0.1501	6.02
-0.1497	6.03
-0.1505	6.04
-0.1415	6.05
-0.0867	6.06
-0.0187	6.07
0.0261	6.08
0.0673	6.09
0.0984	6.1
0.1159	6.11
0.1174	6.12
0.0988	6.13
0.0662	6.14
0.0246	6.15
-0.0216	6.16
-0.0708	6.17
-0.1397	6.18
-0.177	6.19
-0.1489	6.2
-0.1194	6.21
-0.1194	6.22
-0.1176	6.23
-0.1198	6.24
-0.1338	6.25
-0.1359	6.26
-0.11	6.27
-0.0582	6.28
0.01	6.29
0.0928	6.3
0.179	6.31
0.2553	6.32
0.3134	6.33
0.3463	6.34
0.3674	6.35
0.3549	6.36
0.29	6.37
0.1817	6.38
0.0784	6.39
-0.0011	6.4
-0.0243	6.41
0.0272	6.42
0.0798	6.43
0.1112	6.44
0.1389	6.45
0.1532	6.46
0.1582	6.47
0.1522	6.48
0.1395	6.49
0.125	6.5
0.1048	6.51
0.0714	6.52
0.0217	6.53
-0.0311	6.54
-0.0583	6.55
-0.0487	6.56
0.0062	6.57
0.0295	6.58
0.0125	6.59
0.009	6.6
0.0141	6.61
0.0205	6.62
0.0296	6.63
0.0295	6.64
0.0145	6.65
-0.0088	6.66
-0.0334	6.67
-0.0464	6.68
-0.0455	6.69
-0.0435	6.7
-0.0661	6.71
-0.0919	6.72
-0.1102	6.73
-0.1333	6.74
-0.1544	6.75
-0.1681	6.76
-0.1749	6.77
-0.1727	6.78
-0.157	6.79
-0.1255	6.8
-0.0747	6.81
-0.0273	6.82
0.0059	6.83
0.0286	6.84
0.0358	6.85
0.0351	6.86
0.0245	6.87
-0.0005	6.88
-0.038	6.89
-0.0844	6.9
-0.1314	6.91
-0.1656	6.92
-0.1831	6.93
-0.1723	6.94
-0.145	6.95
-0.1155	6.96
-0.0996	6.97
-0.1073	6.98
-0.1206	6.99
-0.1114	7
-0.0796	7.01
-0.0479	7.02
-0.0249	7.03
-0.0168	7.04
-0.0148	7.05
-0.0227	7.06
-0.0417	7.07
-0.0696	7.08
-0.088	7.09
-0.0815	7.1
-0.0588	7.11
-0.0305	7.12
-0.0071	7.13
0.0198	7.14
0.0491	7.15
0.0702	7.16
0.083	7.17
0.0864	7.18
0.0823	7.19
0.0806	7.2
0.081	7.21
0.0782	7.22
0.0698	7.23
0.0626	7.24
0.0542	7.25
0.0452	7.26
0.0319	7.27
0.0037	7.28
-0.037	7.29
-0.0688	7.3
-0.0737	7.31
-0.0473	7.32
-0.0156	7.33
0.0088	7.34
0.0323	7.35
0.0638	7.36
0.0907	7.37
0.108	7.38
0.1146	7.39
0.1063	7.4
0.0916	7.41
0.0754	7.42
0.0597	7.43
0.0426	7.44
0.0224	7.45
0.0023	7.46
-0.0129	7.47
-0.0324	7.48
-0.0545	7.49
-0.0689	7.5
-0.0762	7.51
-0.0701	7.52
-0.056	7.53
-0.0402	7.54
-0.0215	7.55
0.0021	7.56
0.0258	7.57
0.0491	7.58
0.0707	7.59
0.0846	7.6
0.0822	7.61
0.0604	7.62
0.0231	7.63
-0.0077	7.64
-0.0239	7.65
-0.0384	7.66
-0.0574	7.67
-0.0818	7.68
-0.1001	7.69
-0.1011	7.7
-0.0788	7.71
-0.0486	7.72
-0.0208	7.73
0.0094	7.74
0.0391	7.75
0.0658	7.76
0.0928	7.77
0.1083	7.78
0.1012	7.79
0.0702	7.8
0.044	7.81
0.0462	7.82
0.0663	7.83
0.0786	7.84
0.0832	7.85
0.0801	7.86
0.0814	7.87
0.0888	7.88
0.0916	7.89
0.0809	7.9
0.0621	7.91
0.0335	7.92
-0.0043	7.93
-0.0459	7.94
-0.08	7.95
-0.0958	7.96
-0.0874	7.97
-0.0708	7.98
-0.0565	7.99
-0.0453	8
-0.0322	8.01
-0.0176	8.02
-0.0048	8.03
0.001	8.04
-0.0072	8.05
-0.021	8.06
-0.0363	8.07
-0.0473	8.08
-0.0476	8.09
-0.0468	8.1
-0.0461	8.11
-0.0477	8.12
-0.051	8.13
-0.057	8.14
-0.0597	8.15
-0.0465	8.16
-0.0242	8.17
0.0009	8.18
0.0198	8.19
0.0307	8.2
0.0332	8.21
0.0316	8.22
0.0349	8.23
0.0306	8.24
0.0187	8.25
0.0051	8.26
-0.0107	8.27
-0.0312	8.28
-0.0644	8.29
-0.0967	8.3
-0.1154	8.31
-0.1111	8.32
-0.0996	8.33
-0.0983	8.34
-0.0975	8.35
-0.0949	8.36
-0.0897	8.37
-0.0862	8.38
-0.089	8.39
-0.0884	8.4
-0.0815	8.41
-0.0678	8.42
-0.0571	8.43
-0.0514	8.44
-0.0468	8.45
-0.0498	8.46
-0.0545	8.47
-0.0612	8.48
-0.071	8.49
-0.0775	8.5
-0.0854	8.51
-0.0889	8.52
-0.0826	8.53
-0.0689	8.54
-0.0466	8.55
-0.0216	8.56
0.0064	8.57
0.0353	8.58
0.0614	8.59
0.0776	8.6
0.0771	8.61
0.0678	8.62
0.0715	8.63
0.0898	8.64
0.1065	8.65
0.1169	8.66
0.1198	8.67
0.1219	8.68
0.1251	8.69
0.1306	8.7
0.1352	8.71
0.1295	8.72
0.1206	8.73
0.1133	8.74
0.1112	8.75
0.1156	8.76
0.1144	8.77
0.1114	8.78
0.1046	8.79
0.094	8.8
0.0801	8.81
0.0634	8.82
0.043	8.83
0.0228	8.84
0.0081	8.85
0.003	8.86
0.0165	8.87
0.0294	8.88
0.0222	8.89
0.0134	8.9
0.0141	8.91
0.0152	8.92
0.015	8.93
0.0157	8.94
0.0221	8.95
0.0305	8.96
0.0291	8.97
0.0221	8.98
0.0105	8.99
0.0022	9
-0.0003	9.01
-0.0039	9.02
-0.0092	9.03
-0.002	9.04
0.008	9.05
0.0099	9.06
-0.0015	9.07
-0.0152	9.08
-0.0272	9.09
-0.0304	9.1
-0.0328	9.11
-0.059	9.12
-0.0905	9.13
-0.0844	9.14
-0.0468	9.15
-0.0184	9.16
0.0082	9.17
0.0377	9.18
0.0579	9.19
0.066	9.2
0.0606	9.21
0.0445	9.22
0.0185	9.23
-0.0081	9.24
-0.0318	9.25
-0.0543	9.26
-0.073	9.27
-0.0848	9.28
-0.0853	9.29
-0.0752	9.3
-0.065	9.31
-0.0528	9.32
-0.045	9.33
-0.0384	9.34
-0.031	9.35
-0.0223	9.36
-0.0145	9.37
-0.0076	9.38
-0.0022	9.39
-0.0008	9.4
1.61763e-16	9.41
0.0002	9.42
0.0061	9.43
0.0116	9.44
0.0103	9.45
0.001	9.46
-0.0136	9.47
-0.0331	9.48
-0.0579	9.49
-0.0752	9.5
-0.0768	9.51
-0.0718	9.52
-0.0707	9.53
-0.072	9.54
-0.0726	9.55
-0.0673	9.56
-0.0549	9.57
-0.0403	9.58
-0.0242	9.59
-0.0095	9.6
0.0003	9.61
0.0078	9.62
0.0053	9.63
-0.0094	9.64
-0.0287	9.65
-0.04	9.66
-0.0407	9.67
-0.0339	9.68
-0.0218	9.69
-0.0068	9.7
0.007	9.71
0.0161	9.72
0.0257	9.73
0.0342	9.74
0.0406	9.75
0.0404	9.76
0.0211	9.77
-0.0054	9.78
-0.0253	9.79
-0.0415	9.8
-0.0557	9.81
-0.0651	9.82
-0.0657	9.83
-0.0541	9.84
-0.0382	9.85
-0.0274	9.86
-0.0198	9.87
-0.0102	9.88
0.0038	9.89
0.0127	9.9
0.0125	9.91
0.0137	9.92
0.0241	9.93
0.0295	9.94
0.0326	9.95
0.0333	9.96
0.033	9.97
0.0254	9.98
0.0101	9.99
0.0026	10
0.008	10.01
0.0221	10.02
0.0421	10.03
0.0588	10.04
0.0667	10.05
0.0697	10.06
0.0674	10.07
0.0656	10.08
0.0685	10.09
0.0823	10.1
0.1036	10.11
0.1225	10.12
0.1261	10.13
0.1112	10.14
0.0825	10.15
0.0495	10.16
0.0212	10.17
-0.0054	10.18
-0.032	10.19
-0.0505	10.2
-0.0551	10.21
-0.0473	10.22
-0.0312	10.23
-0.0143	10.24
0.0006	10.25
0.0135	10.26
0.025	10.27
0.0372	10.28
0.0479	10.29
0.0584	10.3
0.0643	10.31
0.0621	10.32
0.0531	10.33
0.0454	10.34
0.049	10.35
0.0555	10.36
0.0559	10.37
0.0523	10.38
0.0501	10.39
0.0574	10.4
0.0674	10.41
0.0754	10.42
0.0757	10.43
0.0731	10.44
0.0671	10.45
0.0593	10.46
0.0511	10.47
0.0388	10.48
0.0189	10.49
-0.0022	10.5
-0.018	10.51
-0.0316	10.52
-0.0435	10.53
-0.0546	10.54
-0.0621	10.55
-0.0621	10.56
-0.0506	10.57
-0.0362	10.58
-0.0205	10.59
-0.007	10.6
0.0027	10.61
0.0092	10.62
0.0164	10.63
0.021	10.64
0.0263	10.65
0.0351	10.66
0.0381	10.67
0.0354	10.68
0.0224	10.69
0.0021	10.7
-0.0193	10.71
-0.0366	10.72
-0.0483	10.73
-0.0513	10.74
-0.0521	10.75
-0.0584	10.76
-0.0647	10.77
-0.0629	10.78
-0.0518	10.79
-0.0406	10.8
-0.0285	10.81
-0.0168	10.82
-0.0149	10.83
-0.0183	10.84
-0.0244	10.85
-0.0302	10.86
-0.0295	10.87
-0.0296	10.88
-0.0333	10.89
-0.041	10.9
-0.0507	10.91
-0.0515	10.92
-0.037	10.93
-0.0128	10.94
0.0129	10.95
0.0317	10.96
0.0457	10.97
0.0506	10.98
0.0436	10.99
0.0275	11
0.0027	11.01
-0.0184	11.02
-0.029	11.03
-0.0361	11.04
-0.0435	11.05
-0.0511	11.06
-0.0565	11.07
-0.0562	11.08
-0.0514	11.09
-0.0467	11.1
-0.0439	11.11
-0.0416	11.12
-0.0413	11.13
-0.0409	11.14
-0.0374	11.15
-0.0319	11.16
-0.0236	11.17
-0.0166	11.18
-0.0133	11.19
-0.0064	11.2
0.0005	11.21
-0.0006	11.22
-0.0128	11.23
-0.0264	11.24
-0.03	11.25
-0.0235	11.26
-0.0168	11.27
-0.0116	11.28
0.0011	11.29
0.0176	11.3
0.0274	11.31
0.0281	11.32
0.0172	11.33
0.0102	11.34
0.0049	11.35
-0.0041	11.36
-0.0186	11.37
-0.0325	11.38
-0.0397	11.39
-0.0456	11.4
-0.0533	11.41
-0.0623	11.42
-0.0607	11.43
-0.0469	11.44
-0.0358	11.45
-0.0278	11.46
-0.0158	11.47
2.41777e-16	11.48
0.0122	11.49
0.0194	11.5
0.0233	11.51
0.0274	11.52
0.0317	11.53
0.0349	11.54
0.0388	11.55
0.0439	11.56
0.0513	11.57
0.0592	11.58
0.0623	11.59
0.0583	11.6
0.0473	11.61
0.035	11.62
0.0269	11.63
0.021	11.64
0.0155	11.65
0.0148	11.66
0.0211	11.67
0.0328	11.68
0.0468	11.69
0.0579	11.7
0.0613	11.71
0.054	11.72
0.0451	11.73
0.0372	11.74
0.0291	11.75
0.021	11.76
0.0167	11.77
0.016	11.78
0.0203	11.79
0.0229	11.8
0.0244	11.81
0.0207	11.82
0.0152	11.83
0.0129	11.84
0.016	11.85
0.0209	11.86
0.0227	11.87
0.0233	11.88
0.03	11.89
0.0417	11.9
0.0526	11.91
0.0532	11.92
0.05	11.93
0.0476	11.94
0.0403	11.95
0.0282	11.96
0.015	11.97
0.0061	11.98
0.0023	11.99
0.0021	12
0.0013	12.01
0.0014	12.02
0.0044	12.03
0.0066	12.04
0.0013	12.05
-0.0082	12.06
-0.0155	12.07
-0.0223	12.08
-0.0277	12.09
-0.0326	12.1
-0.0379	12.11
-0.0433	12.12
-0.0446	12.13
-0.0358	12.14
-0.0261	12.15
-0.0191	12.16
-0.0156	12.17
-0.0135	12.18
-0.0099	12.19
-0.004	12.2
-0.0015	12.21
-0.0041	12.22
-0.0079	12.23
-0.0093	12.24
-0.0053	12.25
-0.0026	12.26
-0.002	12.27
-0.0069	12.28
-0.0121	12.29
-0.0149	12.3
-0.0131	12.31
-0.0042	12.32
0.009	12.33
0.0203	12.34
0.028	12.35
0.0357	12.36
0.0455	12.37
0.0524	12.38
0.0571	12.39
0.0556	12.4
0.0439	12.41
0.0279	12.42
0.0134	12.43
0.0054	12.44
0.0024	12.45
0.0026	12.46
0.0043	12.47
0.0039	12.48
0.0019	12.49
0.0019	12.5
0.0042	12.51
0.0066	12.52
0.0093	12.53
0.0094	12.54
0.0097	12.55
0.0083	12.56
0.0033	12.57
-0.0038	12.58
-0.0102	12.59
-0.0169	12.6
-0.0245	12.61
-0.0325	12.62
-0.0385	12.63
-0.0372	12.64
-0.027	12.65
-0.0174	12.66
-0.012	12.67
-0.0062	12.68
0.0033	12.69
0.0161	12.7
0.0258	12.71
0.0275	12.72
0.0246	12.73
0.0186	12.74
0.0115	12.75
0.0021	12.76
-0.0075	12.77
-0.0175	12.78
-0.0266	12.79
-0.0375	12.8
-0.0457	12.81
-0.0472	12.82
-0.0458	12.83
-0.0488	12.84
-0.052	12.85
-0.0504	12.86
-0.0429	12.87
-0.0362	12.88
-0.039	12.89
-0.0472	12.9
-0.054	12.91
-0.0542	12.92
-0.047	12.93
-0.0452	12.94
-0.0493	12.95
-0.0572	12.96
-0.0658	12.97
-0.0705	12.98
-0.0714	12.99
-0.0669	13
-0.0591	13.01
-0.047	13.02
-0.0255	13.03
-0.0016	13.04
0.0202	13.05
0.0424	13.06
0.0563	13.07
0.0686	13.08
0.069	13.09
0.0599	13.1
0.0417	13.11
0.0232	13.12
0.0108	13.13
-0.0012	13.14
-0.0125	13.15
-0.0255	13.16
-0.0352	13.17
-0.0374	13.18
-0.0351	13.19
-0.0273	13.2
-0.0168	13.21
-0.0045	13.22
0.0094	13.23
0.0204	13.24
0.0284	13.25
0.0327	13.26
0.0329	13.27
0.0279	13.28
0.02	13.29
0.0127	13.3
0.0058	13.31
0.0017	13.32
-0.0001	13.33
-0.0007	13.34
-0.0033	13.35
-0.011	13.36
-0.018	13.37
-0.0186	13.38
-0.0168	13.39
-0.0169	13.4
-0.0136	13.41
-0.0049	13.42
0.0032	13.43
0.0067	13.44
0.0061	13.45
0.0067	13.46
0.0095	13.47
0.0136	13.48
0.0173	13.49
0.0173	13.5
0.0151	13.51
0.0112	13.52
0.0023	13.53
-0.0021	13.54
0.001	13.55
0.0049	13.56
0.0078	13.57
0.0114	13.58
0.0137	13.59
0.0171	13.6
0.0223	13.61
0.0286	13.62
0.0346	13.63
0.0412	13.64
0.0439	13.65
0.0429	13.66
0.0376	13.67
0.0315	13.68
0.0246	13.69
0.0173	13.7
0.0085	13.71
0.0007	13.72
-0.0055	13.73
-0.0108	13.74
-0.0095	13.75
-0.005	13.76
-0.0014	13.77
0.0015	13.78
0.0005	13.79
-0.0013	13.8
0.0033	13.81
0.0108	13.82
0.0202	13.83
0.0314	13.84
0.0417	13.85
0.05	13.86
0.0512	13.87
0.0424	13.88
0.0228	13.89
0.0006	13.9
-0.0155	13.91
-0.023	13.92
-0.0201	13.93
-0.0105	13.94
0.0009	13.95
0.0126	13.96
0.0182	13.97
0.0219	13.98
0.0233	13.99
0.0207	14
0.0175	14.01
0.0127	14.02
0.0176	14.03
0.0284	14.04
0.0372	14.05
0.0357	14.06
0.024	14.07
0.0122	14.08
0.0005	14.09
-0.0047	14.1
-0.0075	14.11
-0.0055	14.12
-0.0058	14.13
-0.0069	14.14
-0.0121	14.15
-0.0205	14.16
-0.0281	14.17
-0.0284	14.18
-0.0249	14.19
-0.0217	14.2
-0.0236	14.21
-0.0279	14.22
-0.0289	14.23
-0.0259	14.24
-0.0167	14.25
-0.0042	14.26
0.0081	14.27
0.0141	14.28
0.0133	14.29
0.0063	14.3
-0.0024	14.31
-0.0123	14.32
-0.0187	14.33
-0.022	14.34
-0.0236	14.35
-0.0263	14.36
-0.0281	14.37
-0.0285	14.38
-0.0315	14.39
-0.0333	14.4
-0.0317	14.41
-0.026	14.42
-0.0193	14.43
-0.0126	14.44
-0.0092	14.45
-0.0082	14.46
-0.0122	14.47
-0.0187	14.48
-0.0282	14.49
-0.0366	14.5
-0.0376	14.51
-0.031	14.52
-0.0208	14.53
-0.0141	14.54
-0.0105	14.55
-0.0115	14.56
-0.0173	14.57
-0.0251	14.58
-0.0327	14.59
-0.038	14.6
-0.036	14.61
-0.0309	14.62
-0.0258	14.63
-0.0212	14.64
-0.0185	14.65
-0.0192	14.66
-0.0198	14.67
-0.0143	14.68
-0.0087	14.69
-0.0028	14.7
-0.0004	14.71
-0.003	14.72
-0.0054	14.73
-0.0044	14.74
-0.0014	14.75
-0.0029	14.76
-0.0067	14.77
-0.0056	14.78
0.0007	14.79
0.0072	14.8
0.0134	14.81
0.0161	14.82
0.0167	14.83
0.0163	14.84
0.0103	14.85
0.0009	14.86
-0.0032	14.87
-0.0029	14.88
7.99274e-16	14.89
0.0008	14.9
0.0002	14.91
0.003	14.92
0.01	14.93
0.0184	14.94
0.022	14.95
0.0202	14.96
0.0206	14.97
0.0205	14.98
0.0133	14.99
0.0002	15
-0.012	15.01
-0.022	15.02
-0.0247	15.03
-0.0256	15.04
-0.0296	15.05
-0.0333	15.06
-0.0383	15.07
-0.0411	15.08
-0.0432	15.09
-0.0431	15.1
-0.035	15.11
-0.0239	15.12
-0.0111	15.13
-0.0033	15.14
0.0015	15.15
0.0099	15.16
0.0251	15.17
0.0428	15.18
0.0538	15.19
0.0583	15.2
0.057	15.21
0.0527	15.22
0.0461	15.23
0.036	15.24
0.0282	15.25
0.024	15.26
0.0249	15.27
0.0284	15.28
0.0306	15.29
0.0323	15.3
0.0261	15.31
0.0193	15.32
0.0137	15.33
0.0097	15.34
0.0064	15.35
0.0024	15.36
-0.0049	15.37
-0.0119	15.38
-0.0158	15.39
-0.0195	15.4
-0.023	15.41
-0.0265	15.42
-0.0261	15.43
-0.0236	15.44
-0.0203	15.45
-0.0136	15.46
-0.0066	15.47
0.0004	15.48
0.0082	15.49
0.0151	15.5
0.019	15.51
0.0187	15.52
0.0166	15.53
0.0076	15.54
-0.0041	15.55
-0.0141	15.56
-0.0241	15.57
-0.0333	15.58
-0.0392	15.59
-0.0439	15.6
-0.0489	15.61
-0.0485	15.62
-0.043	15.63
-0.0386	15.64
-0.0336	15.65
-0.0295	15.66
-0.0264	15.67
-0.0204	15.68
-0.0121	15.69
-0.0047	15.7
0.0017	15.71
0.006	15.72
0.0108	15.73
0.0136	15.74
0.0114	15.75
0.0068	15.76
0.0041	15.77
0.0055	15.78
0.0087	15.79
0.0079	15.8
0.0035	15.81
-0.0011	15.82
-0.004	15.83
-0.0067	15.84
-0.0082	15.85
-0.0119	15.86
-0.0183	15.87
-0.0224	15.88
-0.0178	15.89
-0.0073	15.9
0.0067	15.91
0.0187	15.92
0.0269	15.93
0.0312	15.94
0.0278	15.95
0.0233	15.96
0.0184	15.97
0.0133	15.98
0.0123	15.99
0.0188	16
0.0264	16.01
0.0302	16.02
0.0292	16.03
0.0209	16.04
0.0127	16.05
0.0063	16.06
0.0019	16.07
0.0025	16.08
0.01	16.09
0.0191	16.1
0.0239	16.11
0.0271	16.12
0.0304	16.13
0.0326	16.14
0.0311	16.15
0.0234	16.16
0.0134	16.17
0.0012	16.18
-0.0079	16.19
-0.0145	16.2
-0.0171	16.21
-0.0122	16.22
-0.0088	16.23
-0.0077	16.24
-0.0075	16.25
-0.0027	16.26
0.0071	16.27
0.0191	16.28
0.029	16.29
0.0349	16.3
0.0349	16.31
0.0378	16.32
0.0431	16.33
0.0454	16.34
0.0419	16.35
0.0342	16.36
0.0232	16.37
0.0093	16.38
-0.0022	16.39
-0.013	16.4
-0.0219	16.41
-0.0274	16.42
-0.035	16.43
-0.0438	16.44
-0.0454	16.45
-0.037	16.46
-0.0248	16.47
-0.0136	16.48
-0.0021	16.49
0.0045	16.5
0.005	16.51
0.0028	16.52
0.0005	16.53
0.0029	16.54
0.0066	16.55
0.007	16.56
0.0012	16.57
-0.0014	16.58
0.0004	16.59
0.003	16.6
-0.0011	16.61
-0.0094	16.62
-0.019	16.63
-0.0253	16.64
-0.0278	16.65
-0.0285	16.66
-0.0319	16.67
-0.0396	16.68
-0.0463	16.69
-0.0501	16.7
-0.0522	16.71
-0.0527	16.72
-0.0534	16.73
-0.0601	16.74
-0.0699	16.75
-0.0756	16.76
-0.0774	16.77
-0.0698	16.78
-0.0577	16.79
-0.0457	16.8
-0.037	16.81
-0.0247	16.82
-0.0083	16.83
0.0084	16.84
0.0232	16.85
0.0305	16.86
0.0261	16.87
0.0163	16.88
0.0081	16.89
0.0026	16.9
0.0012	16.91
0.0035	16.92
0.0036	16.93
0.0028	16.94
0.0046	16.95
0.0095	16.96
0.018	16.97
0.0257	16.98
0.0308	16.99
0.0351	17
0.0381	17.01
0.0419	17.02
0.0455	17.03
0.0455	17.04
0.0424	17.05
0.0331	17.06
0.0256	17.07
0.0204	17.08
0.0199	17.09
0.0193	17.1
0.0208	17.11
0.0233	17.12
0.0249	17.13
0.0271	17.14
0.0297	17.15
0.0337	17.16
0.0374	17.17
0.0403	17.18
0.0375	17.19
0.0318	17.2
0.0269	17.21
0.0227	17.22
0.0176	17.23
0.0116	17.24
0.0024	17.25
-0.0075	17.26
-0.0196	17.27
-0.0298	17.28
-0.033	17.29
-0.0286	17.3
-0.019	17.31
-0.0104	17.32
-0.0028	17.33
0.0051	17.34
0.0113	17.35
0.0179	17.36
0.0254	17.37
0.0288	17.38
0.0293	17.39
0.0266	17.4
0.0211	17.41
0.0196	17.42
0.0192	17.43
0.0159	17.44
0.0093	17.45
0.002	17.46
-0.0008	17.47
0.0016	17.48
0.0057	17.49
0.0076	17.5
0.0085	17.51
0.0079	17.52
0.0024	17.53
-0.0092	17.54
-0.0165	17.55
-0.0184	17.56
-0.0214	17.57
-0.0266	17.58
-0.0308	17.59
-0.0243	17.6
-0.013	17.61
-0.0017	17.62
0.0115	17.63
0.0268	17.64
0.0405	17.65
0.0482	17.66
0.0465	17.67
0.0394	17.68
0.0275	17.69
0.0171	17.7
0.0092	17.71
0.0017	17.72
-0.005	17.73
-0.0081	17.74
-0.005	17.75
-0.0024	17.76
-0.0062	17.77
-0.0094	17.78
-0.0074	17.79
0.0001	17.8
0.008	17.81
0.0096	17.82
0.0061	17.83
0.0027	17.84
0.0048	17.85
0.0103	17.86
0.0121	17.87
0.0088	17.88
0.0058	17.89
0.0021	17.9
-0.0029	17.91
-0.0065	17.92
-0.0117	17.93
-0.0179	17.94
-0.0189	17.95
-0.0151	17.96
-0.0059	17.97
0.0045	17.98
0.0136	17.99
0.0182	18
0.0163	18.01
0.0082	18.02
-0.0018	18.03
-0.0111	18.04
-0.0201	18.05
-0.0243	18.06
-0.0251	18.07
-0.0198	18.08
-0.0127	18.09
-0.0041	18.1
0.0049	18.11
0.0147	18.12
0.0223	18.13
0.0302	18.14
0.0326	18.15
0.0288	18.16
0.0231	18.17
0.0173	18.18
0.0151	18.19
0.0098	18.2
0.002	18.21
-0.0014	18.22
-0.0014	18.23
0.0009	18.24
0.0041	18.25
0.0074	18.26
0.0127	18.27
0.0188	18.28
0.0206	18.29
0.0186	18.3
0.0173	18.31
0.0135	18.32
0.0111	18.33
0.0094	18.34
0.0108	18.35
0.0143	18.36
0.0156	18.37
0.0131	18.38
0.0093	18.39
0.0021	18.4
-0.008	18.41
-0.0187	18.42
-0.029	18.43
-0.0366	18.44
-0.0409	18.45
-0.0387	18.46
-0.0337	18.47
-0.0269	18.48
-0.0221	18.49
-0.0209	18.5
-0.0236	18.51
-0.0268	18.52
-0.0294	18.53
-0.0317	18.54
-0.0344	18.55
-0.0337	18.56
-0.0353	18.57
-0.0401	18.58
-0.0443	18.59
-0.0499	18.6
-0.0546	18.61
-0.0571	18.62
-0.058	18.63
-0.0551	18.64
-0.051	18.65
-0.0453	18.66
-0.0362	18.67
-0.0269	18.68
-0.0163	18.69
-0.0037	18.7
0.0086	18.71
0.0152	18.72
0.021	18.73
0.0207	18.74
0.0141	18.75
0.0102	18.76
0.0046	18.77
0.0004	18.78
-0.0027	18.79
-0.0066	18.8
-0.0095	18.81
-0.0102	18.82
-0.0109	18.83
-0.0069	18.84
-0.0013	18.85
0.0071	18.86
0.0166	18.87
0.0232	18.88
0.028	18.89
0.0276	18.9
0.0279	18.91
0.0264	18.92
0.0234	18.93
0.0196	18.94
0.0136	18.95
0.0083	18.96
0.0046	18.97
0.0043	18.98
0.0072	18.99
0.0106	19
0.0135	19.01
0.0212	19.02
0.0303	19.03
0.0339	19.04
0.0376	19.05
0.0379	19.06
0.0359	19.07
0.0328	19.08
0.0248	19.09
0.0152	19.1
0.0052	19.11
-0.0004	19.12
-0.0028	19.13
-0.0035	19.14
-0.0039	19.15
-0.0068	19.16
-0.0066	19.17
-0.0072	19.18
-0.0088	19.19
-0.0043	19.2
0.0029	19.21
0.0141	19.22
0.024	19.23
0.0319	19.24
0.0371	19.25
0.0408	19.26
0.0391	19.27
0.031	19.28
0.0185	19.29
0.0082	19.3
-0.0009	19.31
-0.0067	19.32
-0.012	19.33
-0.0205	19.34
-0.0247	19.35
-0.021	19.36
-0.0144	19.37
-0.0083	19.38
-0.0056	19.39
-0.0013	19.4
0.0027	19.41
0.0017	19.42
-0.0013	19.43
-0.0059	19.44
-0.012	19.45
-0.017	19.46
-0.0221	19.47
-0.0243	19.48
-0.0219	19.49
-0.0182	19.5
-0.0142	19.51
-0.0124	19.52
-0.0117	19.53
-0.0031	19.54
0.0092	19.55
0.0191	19.56
0.0247	19.57
0.025	19.58
0.0298	19.59
0.0363	19.6
0.0391	19.61
0.0372	19.62
0.0336	19.63
0.0341	19.64
0.0339	19.65
0.0314	19.66
0.0238	19.67
0.0145	19.68
0.0069	19.69
-0.0042	19.7
-0.0126	19.71
-0.0146	19.72
-0.014	19.73
-0.0106	19.74
-0.0063	19.75
-0.005	19.76
-0.0026	19.77
-0.0025	19.78
-0.0078	19.79
-0.0169	19.8
-0.027	19.81
-0.0339	19.82
-0.0359	19.83
-0.034	19.84
-0.0307	19.85
-0.0282	19.86
-0.0258	19.87
-0.0243	19.88
-0.0242	19.89
-0.0245	19.9
-0.0244	19.91
-0.0248	19.92
-0.0248	19.93
-0.0238	19.94
-0.0231	19.95
-0.0203	19.96
-0.0161	19.97
-0.0099	19.98
-0.0038	19.99
0.0012	20
0.0084	20.01
0.0149	20.02
0.0202	20.03
0.0221	20.04
0.0207	20.05
0.0183	20.06
0.0137	20.07
0.009	20.08
0.0023	20.09
-0.0034	20.1
-0.0066	20.11
-0.0094	20.12
-0.0098	20.13
-0.0098	20.14
-0.0082	20.15
-0.0061	20.16
-0.0055	20.17
-0.0044	20.18
-0.0011	20.19
0.0002	20.2
0.0023	20.21
0.0034	20.22
0.0058	20.23
0.0071	20.24
0.0083	20.25
0.0098	20.26
0.0137	20.27
0.0185	20.28
0.0208	20.29
0.021	20.3
0.0176	20.31
0.0133	20.32
0.0105	20.33
0.0122	20.34
0.0119	20.35
0.0081	20.36
0.0051	20.37
0.0005	20.38
-0.0045	20.39
-0.0073	20.4
-0.0084	20.41
-0.0035	20.42
0.0028	20.43
0.0067	20.44
0.0064	20.45
0.0072	20.46
0.0075	20.47
0.0093	20.48
0.0121	20.49
0.0147	20.5
0.0184	20.51
0.0179	20.52
0.0141	20.53
0.0108	20.54
0.007	20.55
0.005	20.56
0.0028	20.57
-0.0005	20.58
-0.0043	20.59
-0.0071	20.6
-0.0068	20.61
-0.0042	20.62
0.0029	20.63
0.0069	20.64
0.0057	20.65
0.0013	20.66
-0.0033	20.67
-0.0088	20.68
-0.014	20.69
-0.0174	20.7
-0.0199	20.71
-0.0234	20.72
-0.0266	20.73
-0.0259	20.74
-0.0213	20.75
-0.0159	20.76
-0.0099	20.77
-0.0028	20.78
0.0047	20.79
0.0118	20.8
0.0165	20.81
0.0203	20.82
0.0207	20.83
0.0184	20.84
0.0143	20.85
0.0092	20.86
0.0034	20.87
-0.0025	20.88
-0.0062	20.89
-0.0104	20.9
-0.0138	20.91
-0.0151	20.92
-0.0135	20.93
-0.0113	20.94
-0.0126	20.95
-0.0141	20.96
-0.0137	20.97
-0.0112	20.98
-0.0056	20.99
-0.0031	21
-0.0015	21.01
-0.0016	21.02
-0.0031	21.03
-0.006	21.04
-0.007	21.05
-0.0104	21.06
-0.0153	21.07
-0.0164	21.08
-0.0138	21.09
-0.0097	21.1
-0.0049	21.11
0.0003	21.12
0.004	21.13
0.0051	21.14
0.0048	21.15
0.003	21.16
-0.0003	21.17
-0.0048	21.18
-0.0118	21.19
-0.0202	21.2
-0.0269	21.21
-0.0347	21.22
-0.0394	21.23
-0.0436	21.24
-0.0452	21.25
-0.0448	21.26
-0.0432	21.27
-0.0387	21.28
-0.0339	21.29
-0.0277	21.3
-0.0214	21.31
-0.0164	21.32
-0.0139	21.33
-0.0123	21.34
-0.0091	21.35
-0.004	21.36
-0.0012	21.37
0.0004	21.38
-0.0017	21.39
-0.0025	21.4
0.0008	21.41
0.0056	21.42
0.0103	21.43
0.0146	21.44
0.016	21.45
0.0174	21.46
0.0195	21.47
0.0182	21.48
0.016	21.49
0.0141	21.5
0.0117	21.51
0.0092	21.52
0.0051	21.53
-0.0008	21.54
-0.0035	21.55
-0.0045	21.56
-0.0024	21.57
-0.0012	21.58
0.0006	21.59
0.0076	21.6
0.0081	21.61
0.0019	21.62
0.002	21.63
0.0049	21.64
0.0086	21.65
0.0127	21.66
0.0171	21.67
0.0211	21.68
0.0252	21.69
0.028	21.7
0.0281	21.71
0.0259	21.72
0.0223	21.73
0.0215	21.74
0.0241	21.75
0.0287	21.76
0.0317	21.77
0.0332	21.78
0.0306	21.79
0.025	21.8
0.0199	21.81
0.0135	21.82
0.0096	21.83
0.0075	21.84
0.0045	21.85
0.002	21.86
0.0021	21.87
0.0039	21.88
0.0051	21.89
0.006	21.9
0.0038	21.91
0.0063	21.92
0.0082	21.93
0.0075	21.94
0.008	21.95
0.0065	21.96
0.0051	21.97
0.0041	21.98
0.0017	21.99
0.002	22
0.0037	22.01
0.0077	22.02
0.0118	22.03
0.0159	22.04
0.019	22.05
0.0221	22.06
0.0232	22.07
0.0218	22.08
0.0178	22.09
0.0143	22.1
0.011	22.11
0.0089	22.12
0.0057	22.13
0.002	22.14
-0.0009	22.15
-0.0032	22.16
-0.0045	22.17
-0.004	22.18
-0.0044	22.19
-0.0038	22.2
-0.0025	22.21
-0.0064	22.22
-0.0093	22.23
-0.0136	22.24
-0.0197	22.25
-0.0221	22.26
-0.0236	22.27
-0.0209	22.28
-0.0177	22.29
-0.0145	22.3
-0.0122	22.31
-0.0098	22.32
-0.0099	22.33
-0.0122	22.34
-0.0152	22.35
-0.0179	22.36
-0.0186	22.37
-0.0188	22.38
-0.0192	22.39
-0.0175	22.4
-0.0161	22.41
-0.0169	22.42
-0.0186	22.43
-0.0211	22.44
-0.0209	22.45
-0.0207	22.46
-0.0229	22.47
-0.0241	22.48
-0.0249	22.49
-0.0199	22.5
-0.0128	22.51
-0.0044	22.52
0.0006	22.53
0.0057	22.54
0.0081	22.55
0.0085	22.56
0.0057	22.57
0.0006	22.58
-0.0052	22.59
-0.01	22.6
-0.0123	22.61
-0.012	22.62
-0.0121	22.63
-0.0103	22.64
-0.0083	22.65
-0.0042	22.66
-0.0003	22.67
0.002	22.68
0.0021	22.69
0.0051	22.7
0.0071	22.71
0.0083	22.72
0.0101	22.73
0.0083	22.74
0.0069	22.75
0.0044	22.76
0.0028	22.77
0.0039	22.78
0.0056	22.79
0.0055	22.8
0.0039	22.81
0.0017	22.82
-0.0018	22.83
-0.0052	22.84
-0.0091	22.85
-0.0084	22.86
-0.0091	22.87
-0.0086	22.88
-0.0064	22.89
-0.0057	22.9
-0.0051	22.91
-0.007	22.92
-0.0082	22.93
-0.0114	22.94
-0.0128	22.95
-0.0115	22.96
-0.0079	22.97
-0.0024	22.98
0.0027	22.99
0.008	23
0.0115	23.01
0.0143	23.02
0.0129	23.03
0.0089	23.04
0.0054	23.05
0.0023	23.06
-0.0018	23.07
-0.0049	23.08
-0.0051	23.09
-0.0035	23.1
-0.001	23.11
0.001	23.12
0.0029	23.13
0.0047	23.14
0.0052	23.15
0.0051	23.16
0.0055	23.17
0.0059	23.18
0.0055	23.19
0.0045	23.2
0.0033	23.21
0.0013	23.22
-0.0007	23.23
-0.003	23.24
-0.0044	23.25
-0.0048	23.26
-0.0035	23.27
-0.0018	23.28
-0.0003	23.29
0.0028	23.3
0.007	23.31
0.0105	23.32
0.0122	23.33
0.0087	23.34
0.0039	23.35
-0.0012	23.36
-0.0068	23.37
-0.0118	23.38
-0.0148	23.39
-0.0152	23.4
-0.0145	23.41
-0.0108	23.42
-0.0053	23.43
-0.0001	23.44
0.0042	23.45
0.005	23.46
0.0058	23.47
0.0059	23.48
0.0078	23.49
0.0092	23.5
0.0117	23.51
0.0144	23.52
0.016	23.53
0.0174	23.54
0.0192	23.55
0.0204	23.56
0.0203	23.57
0.0216	23.58
0.0222	23.59
0.0219	23.6
0.023	23.61
0.0244	23.62
0.025	23.63
0.0259	23.64
0.0262	23.65
0.0277	23.66
0.0293	23.67
0.029	23.68
0.0268	23.69
0.0264	23.7
0.0252	23.71
0.0224	23.72
0.0213	23.73
0.0206	23.74
0.0198	23.75
0.0185	23.76
0.0163	23.77
0.016	23.78
0.0162	23.79
0.0157	23.8
0.0134	23.81
0.0104	23.82
0.0083	23.83
0.0062	23.84
0.0057	23.85
0.0056	23.86
0.0052	23.87
0.0051	23.88
0.0057	23.89
0.0065	23.9
0.006	23.91
0.006	23.92
0.0055	23.93
0.0062	23.94
0.0066	23.95
0.0063	23.96
0.0048	23.97
0.0023	23.98
0.0005	23.99
0.0012	24
0.0008	24.01
-0.0002	24.02
-0.0025	24.03
-0.0056	24.04
-0.0098	24.05
-0.013	24.06
-0.0145	24.07
-0.0151	24.08
-0.0157	24.09
-0.0171	24.1
-0.0181	24.11
-0.0191	24.12
-0.0188	24.13
-0.0169	24.14
-0.0149	24.15
-0.0124	24.16
-0.0102	24.17
-0.009	24.18
-0.009	24.19
-0.0082	24.2
-0.0081	24.21
-0.0084	24.22
-0.0096	24.23
-0.0117	24.24
-0.0133	24.25
-0.0133	24.26
-0.0134	24.27
-0.0136	24.28
-0.0135	24.29
-0.0135	24.3
-0.0135	24.31
-0.0135	24.32
-0.0136	24.33
-0.0147	24.34
-0.017	24.35
-0.0191	24.36
-0.0225	24.37
-0.0258	24.38
-0.0285	24.39
-0.0313	24.4
-0.0332	24.41
-0.0335	24.42
-0.0328	24.43
-0.031	24.44
-0.0284	24.45
-0.0251	24.46
-0.0212	24.47
-0.0176	24.48
-0.0152	24.49
-0.0129	24.5
-0.0115	24.51
-0.009	24.52
-0.0047	24.53
-0.0022	24.54
-0.0022	24.55
-0.0036	24.56
-0.0067	24.57
-0.0088	24.58
-0.0108	24.59
-0.0135	24.6
-0.013	24.61
-0.0116	24.62
-0.0101	24.63
-0.0086	24.64
-0.007	24.65
-0.004	24.66
-0.0018	24.67
-0.0016	24.68
-0.0002	24.69
0.0028	24.7
0.0033	24.71
0.0039	24.72
0.0035	24.73
0.0003	24.74
-0.0024	24.75
-0.0048	24.76
-0.0067	24.77
-0.0074	24.78
-0.0056	24.79
-0.0039	24.8
-0.0023	24.81
-0.0025	24.82
-0.0022	24.83
-0.0005	24.84
0.0017	24.85
0.0043	24.86
0.0059	24.87
0.0093	24.88
0.0114	24.89
0.0118	24.9
0.012	24.91
0.0108	24.92
0.0076	24.93
0.0012	24.94
-0.0048	24.95
-0.0084	24.96
-0.0092	24.97
-0.0071	24.98
-0.006	24.99
-0.0041	25
-0.0014	25.01
0.0013	25.02
0.0032	25.03
0.0033	25.04
0.0037	25.05
0.0046	25.06
0.0071	25.07
0.0095	25.08
0.0108	25.09
0.0095	25.1
0.0095	25.11
0.0084	25.12
0.008	25.13
0.0073	25.14
0.0066	25.15
0.0037	25.16
0.0005	25.17
-0.0019	25.18
-0.0039	25.19
-0.0046	25.2
-0.0055	25.21
-0.0047	25.22
-0.005	25.23
-0.0058	25.24
-0.0049	25.25
-0.0042	25.26
-0.0049	25.27
-0.0052	25.28
-0.0049	25.29
-0.0046	25.3
0.001	25.31
0.0055	25.32
0.0054	25.33
0.0083	25.34
0.0082	25.35
0.0069	25.36
0.0058	25.37
0.0049	25.38
0.0046	25.39
0.006	25.4
0.0054	25.41
0.0033	25.42
0.0023	25.43
0.0004	25.44
-0.0013	25.45
-0.0018	25.46
-0.0008	25.47
0.001	25.48
0.0037	25.49
0.0062	25.5
0.0077	25.51
0.011	25.52
0.0133	25.53
0.014	25.54
0.0127	25.55
0.0102	25.56
0.0068	25.57
0.0039	25.58
0.0009	25.59
0.001	25.6
0.0028	25.61
0.0056	25.62
0.0096	25.63
0.0127	25.64
0.0149	25.65
0.0173	25.66
0.0184	25.67
0.0198	25.68
0.0204	25.69
0.0207	25.7
0.019	25.71
0.0165	25.72
0.0138	25.73
0.0103	25.74
0.0088	25.75
0.0066	25.76
0.0036	25.77
0.0017	25.78
-0.0011	25.79
-0.0023	25.8
-0.0019	25.81
-0.0033	25.82
-0.004	25.83
-0.003	25.84
-0.0023	25.85
-0.0027	25.86
-0.003	25.87
-0.0034	25.88
-0.0039	25.89
-0.0043	25.9
-0.0053	25.91
-0.0063	25.92
-0.0093	25.93
-0.0105	25.94
-0.0103	25.95
-0.0106	25.96
-0.0084	25.97
-0.0058	25.98
-0.0047	25.99
-0.0025	26
-0.0015	26.01
-0.0005	26.02
-0.0012	26.03
-0.0034	26.04
-0.0028	26.05
-0.0013	26.06
-0.0003	26.07
0.0001	26.08
0.0017	26.09
0.0014	26.1
0.0017	26.11
0.0024	26.12
0.0035	26.13
0.0047	26.14
0.0061	26.15
0.006	26.16
0.0079	26.17
0.0083	26.18
0.008	26.19
0.0081	26.2
0.0065	26.21
0.005	26.22
0.0029	26.23
0.0027	26.24
0.003	26.25
0.005	26.26
0.008	26.27
0.0102	26.28
0.0129	26.29
0.0146	26.3
0.0152	26.31
0.0148	26.32
0.012	26.33
0.009	26.34
0.0053	26.35
0.0033	26.36
0.0002	26.37
-0.0016	26.38
-0.0026	26.39
-0.0029	26.4
-0.0028	26.41
-0.0009	26.42
0.0002	26.43
0.0016	26.44
0.0022	26.45
0.0007	26.46
0.0013	26.47
0.0031	26.48
0.0025	26.49
0.0026	26.5
0.0008	26.51
-0.0007	26.52
-0.0026	26.53
-0.0039	26.54
-0.0042	26.55
-0.0022	26.56
-0.0008	26.57
-0.0002	26.58
0.0013	26.59
0.003	26.6
0.0035	26.61
0.0044	26.62
0.0041	26.63
0.0039	26.64
0.0049	26.65
0.0058	26.66
0.0044	26.67
0.0028	26.68
0.0007	26.69
0.002	26.7
0.0026	26.71
0.003	26.72
0.0037	26.73
0.004	26.74
0.0027	26.75
0.0026	26.76
0.0019	26.77
0.0025	26.78
0.0014	26.79
2.66454e-15	26.8
-0.0021	26.81
-0.0046	26.82
-0.0044	26.83
-0.0046	26.84
-0.0044	26.85
-0.0046	26.86
-0.0054	26.87
-0.0071	26.88
-0.0091	26.89
-0.0101	26.9
-0.0108	26.91
-0.0106	26.92
-0.0117	26.93
-0.0128	26.94
-0.0134	26.95
-0.0157	26.96
-0.0171	26.97
-0.0168	26.98
-0.0163	26.99
-0.0152	27
-0.0136	27.01
-0.0125	27.02
-0.0103	27.03
-0.0079	27.04
-0.0058	27.05
-0.0048	27.06
-0.005	27.07
-0.0049	27.08
-0.0064	27.09
-0.008	27.1
-0.0101	27.11
-0.012	27.12
-0.0124	27.13
-0.0131	27.14
-0.0111	27.15
-0.0102	27.16
-0.0106	27.17
-0.0102	27.18
-0.0099	27.19
-0.0089	27.2
-0.0086	27.21
-0.0069	27.22
-0.0064	27.23
-0.0041	27.24
-0.0012	27.25
-0.0011	27.26
0.0001	27.27
0.0002	27.28
0.0004	27.29
0.0019	27.3
0.0017	27.31
0.0034	27.32
0.005	27.33
0.0051	27.34
0.0077	27.35
0.0088	27.36
0.0108	27.37
0.0125	27.38
0.0121	27.39
0.0123	27.4
0.0123	27.41
0.0109	27.42
0.0088	27.43
0.0078	27.44
0.0067	27.45
0.0075	27.46
0.0083	27.47
0.0068	27.48
0.006	27.49
0.0053	27.5
0.0047	27.51
0.0051	27.52
0.0069	27.53
0.0081	27.54
0.0093	27.55
0.0092	27.56
0.0094	27.57
0.0089	27.58
0.0064	27.59
0.0044	27.6
0.0032	27.61
0.0009	27.62
-0.0008	27.63
-0.0013	27.64
-0.0002	27.65
-0.0001	27.66
0.0005	27.67
0.0016	27.68
0.0011	27.69
0.0018	27.7
0.0028	27.71
0.0024	27.72
0.0014	27.73
0.0006	27.74
-0.0016	27.75
-0.0032	27.76
-0.0051	27.77
-0.0066	27.78
-0.0064	27.79
-0.005	27.8
-0.0038	27.81
-0.0031	27.82
-0.0016	27.83
-0.001	27.84
0.0008	27.85
0.0029	27.86
0.0053	27.87
0.0087	27.88
0.0113	27.89
0.0131	27.9
0.013	27.91
0.0116	27.92
0.0117	27.93
0.0106	27.94
0.01	27.95
0.0084	27.96
0.0082	27.97
0.0095	27.98
0.0083	27.99
0.0082	28
0.0086	28.01
0.0082	28.02
0.0085	28.03
0.0073	28.04
0.0051	28.05
0.004	28.06
0.0034	28.07
0.0022	28.08
-0.0001	28.09
-0.0021	28.1
-0.004	28.11
-0.0078	28.12
-0.0102	28.13
-0.0112	28.14
-0.0107	28.15
-0.0095	28.16
-0.0078	28.17
-0.0065	28.18
-0.0079	28.19
-0.008	28.2
-0.0076	28.21
-0.0081	28.22
-0.0073	28.23
-0.0063	28.24
-0.0068	28.25
-0.0066	28.26
-0.0055	28.27
-0.005	28.28
-0.0035	28.29
-0.0028	28.3
-0.0032	28.31
-0.0029	28.32
-0.0036	28.33
-0.0052	28.34
-0.0053	28.35
-0.0059	28.36
-0.0075	28.37
-0.0064	28.38
-0.0065	28.39
-0.0075	28.4
-0.0075	28.41
-0.0077	28.42
-0.0053	28.43
-0.0032	28.44
-0.003	28.45
-0.0013	28.46
-0.0014	28.47
-0.0015	28.48
-0.0012	28.49
-0.0012	28.5
-0.0006	28.51
-0.0008	28.52
0.0002	28.53
-0.0011	28.54
0.0003	28.55
0.0004	28.56
-7.94503e-16	28.57
0.0005	28.58
0.0018	28.59
0.0027	28.6
0.0025	28.61
0.0026	28.62
0.0026	28.63
0.0025	28.64
0.0025	28.65
0.0026	28.66
0.0026	28.67
0.0017	28.68
-0.0008	28.69
-0.001	28.7
0.0005	28.71
-0.0001	28.72
0.0001	28.73
-0.0002	28.74
-0.0026	28.75
-0.0039	28.76
-0.0062	28.77
-0.0079	28.78
-0.0084	28.79
-0.0097	28.8
-0.0094	28.81
-0.0089	28.82
-0.0081	28.83
-0.0076	28.84
-0.0066	28.85
-0.0038	28.86
-0.0026	28.87
0.0003	28.88
0.002	28.89
0.0028	28.9
0.0031	28.91
0.0025	28.92
0.0002	28.93
0.0005	28.94
0.0009	28.95
-8.84709e-16	28.96
-0.0001	28.97
0.002	28.98
0.0023	28.99
0.0017	29
0.0009	29.01
-0.0005	29.02
-0.0003	29.03
-0.0002	29.04
-0.0003	29.05
0.0004	29.06
0.0019	29.07
0.0028	29.08
0.0036	29.09
0.002	29.1
0.0009	29.11
1.1588e-15	29.12
0.0022	29.13
0.0074	29.14
0.0085	29.15
0.0081	29.16
0.0089	29.17
0.0081	29.18
0.0077	29.19
0.0074	29.2
0.0059	29.21
0.0039	29.22
0.0014	29.23
-0.0005	29.24
-0.0024	29.25
-0.0027	29.26
-0.0026	29.27
-0.0029	29.28
-0.0026	29.29
-0.0023	29.3
-0.0001	29.31
0.0023	29.32
0.0032	29.33
0.0061	29.34
0.0078	29.35
0.008	29.36
0.0104	29.37
0.0105	29.38
0.0101	29.39
0.0104	29.4
0.0089	29.41
0.0086	29.42
0.0084	29.43
0.0077	29.44
0.0097	29.45
0.0134	29.46
0.016	29.47
0.0188	29.48
0.0187	29.49
0.0182	29.5
0.0178	29.51
0.0154	29.52
0.0134	29.53
0.0115	29.54
0.0078	29.55
0.0045	29.56
-3.93782e-16	29.57
-0.0049	29.58
-0.0055	29.59
-0.0053	29.6
-0.0039	29.61
0.0003	29.62
0.002	29.63
0.0025	29.64
0.004	29.65
0.0038	29.66
0.0028	29.67
0.0012	29.68
-0.0002	29.69
7.94503e-16	29.7
4.49293e-16	29.71
0.002	29.72
0.0034	29.73
0.005	29.74
0.0063	29.75
0.0055	29.76
0.0034	29.77
0.001	29.78
-0.0016	29.79
-0.0044	29.8
-0.0054	29.81
-0.0051	29.82
-0.0036	29.83
-0.0028	29.84
-0.0017	29.85
0.0001	29.86
-0.0008	29.87
-0.0025	29.88
-0.0038	29.89
-0.0071	29.9
-0.01	29.91
-0.0115	29.92
-0.0117	29.93
-0.0106	29.94
-0.0087	29.95
-0.0073	29.96
-0.0063	29.97
-0.0059	29.98
-0.0046	29.99
-0.0024	30
-0.0025	30.01
-0.0026	30.02
-0.0047	30.03
-0.0058	30.04
-0.0042	30.05
-0.0014	30.06
0.0013	30.07
0.003	30.08
0.0024	30.09
-0.0002	30.1
-0.0036	30.11
-0.0084	30.12
-0.0109	30.13
-0.0131	30.14
-0.0126	30.15
-0.0104	30.16
-0.0085	30.17
-0.0069	30.18
-0.0058	30.19
-0.004	30.2
-0.0028	30.21
-0.0032	30.22
-0.0029	30.23
-0.0047	30.24
-0.0063	30.25
-0.0072	30.26
-0.0082	30.27
-0.0079	30.28
-0.0082	30.29
-0.009	30.3
-0.011	30.31
-0.0113	30.32
-0.0121	30.33
-0.0119	30.34
-0.0108	30.35
-0.0096	30.36
-0.0091	30.37
-0.0081	30.38
-0.0086	30.39
-0.0105	30.4
-0.0128	30.41
-0.0158	30.42
-0.0161	30.43
-0.0173	30.44
-0.0173	30.45
-0.0158	30.46
-0.0148	30.47
-0.0133	30.48
-0.0105	30.49
-0.0072	30.5
-0.0037	30.51
-0.0006	30.52
-0.0005	30.53
-0.0003	30.54
-0.0001	30.55
-0.0003	30.56
-0.0003	30.57
-0.0003	30.58
-0.0006	30.59
-0.0008	30.6
0.0002	30.61
0.0014	30.62
0.0027	30.63
0.005	30.64
0.0083	30.65
0.0108	30.66
0.0118	30.67
0.0121	30.68
0.0098	30.69
0.0106	30.7
0.0103	30.71
0.01	30.72
0.0084	30.73
0.0072	30.74
0.006	30.75
0.0045	30.76
0.0052	30.77
0.0053	30.78
0.0069	30.79
0.0083	30.8
0.0089	30.81
0.0101	30.82
0.01	30.83
0.0086	30.84
0.0067	30.85
0.0046	30.86
0.003	30.87
0.0018	30.88
0.0007	30.89
-0.0008	30.9
-0.0007	30.91
-0.0028	30.92
-0.0037	30.93
-0.0056	30.94
-0.0057	30.95
-0.0052	30.96
-0.0041	30.97
-0.0029	30.98
-0.0032	30.99
-0.0017	31
-7.5287e-16	31.01
-0.0003	31.02
0.0022	31.03
0.0013	31.04
0.0001	31.05
0.0012	31.06
0.0014	31.07
0.0014	31.08
0.0028	31.09
0.0043	31.1
0.0059	31.11
0.0071	31.12
0.0073	31.13
0.0074	31.14
0.0069	31.15
0.0073	31.16
0.008	31.17
0.0087	31.18
0.0084	31.19
0.0087	31.2
0.0085	31.21
0.0085	31.22
0.0085	31.23
0.0086	31.24
0.0094	31.25
0.0101	31.26
0.0097	31.27
0.0091	31.28
0.0076	31.29
0.0075	31.3
0.0064	31.31
0.0054	31.32
0.004	31.33
0.0021	31.34
0.0024	31.35
0.0023	31.36
0.0028	31.37
0.0033	31.38
0.0034	31.39
0.0033	31.4
0.0039	31.41
0.0037	31.42
0.0044	31.43
0.0057	31.44
0.0073	31.45
0.008	31.46
0.0087	31.47
0.0083	31.48
0.0092	31.49
0.0074	31.5
0.0061	31.51
0.0052	31.52
0.0048	31.53
0.0035	31.54
0.0015	31.55
-0.0006	31.56
-0.0012	31.57
-0.0013	31.58
0.0004	31.59
0.0017	31.6
0.0041	31.61
0.0049	31.62
0.0059	31.63
0.006	31.64
0.0057	31.65
0.0038	31.66
0.0007	31.67
-0.0007	31.68
-0.0004	31.69
-0.0008	31.7
0.0001	31.71
0.0024	31.72
0.0032	31.73
0.0043	31.74
0.006	31.75
0.0057	31.76
0.006	31.77
0.0064	31.78
0.0064	31.79
0.0059	31.8
0.0063	31.81
0.0061	31.82
0.0059	31.83
0.005	31.84
0.0029	31.85
0.0026	31.86
0.0003	31.87
-0.0007	31.88
-0.0022	31.89
-0.0021	31.9
-0.0033	31.91
-0.0044	31.92
-0.0049	31.93
-0.0043	31.94
-0.0033	31.95
-0.0023	31.96
4.5363e-16	31.97
0.0007	31.98
0.0025	31.99
0.0037	32
0.0029	32.01
0.0043	32.02
0.0046	32.03
0.0021	32.04
0.0017	32.05
0.0014	32.06
0.0001	32.07
0.0011	32.08
0.002	32.09
0.0017	32.1
0.0027	32.11
0.0045	32.12
0.0047	32.13
0.0042	32.14
0.0022	32.15
-0.0003	32.16
-0.0023	32.17
-0.0051	32.18
-0.0062	32.19
-0.0078	32.2
-0.0092	32.21
-0.0101	32.22
-0.0106	32.23
-0.0116	32.24
-0.0103	32.25
-0.0091	32.26
-0.0091	32.27
-0.0083	32.28
-0.0071	32.29
-0.0064	32.3
-0.0061	32.31
-0.0061	32.32
-0.0058	32.33
-0.0059	32.34
-0.006	32.35
-0.0082	32.36
-0.0096	32.37
-0.0121	32.38
-0.0139	32.39
-0.0136	32.4
-0.014	32.41
-0.0142	32.42
-0.0141	32.43
-0.0141	32.44
-0.0141	32.45
-0.0148	32.46
-0.0169	32.47
-0.017	32.48
-0.0195	32.49
-0.0211	32.5
-0.0222	32.51
-0.0218	32.52
-0.0222	32.53
-0.0202	32.54
-0.0177	32.55
-0.0167	32.56
-0.0141	32.57
-0.0138	32.58
-0.0117	32.59
-0.0107	32.6
-0.0089	32.61
-0.0084	32.62
-0.0087	32.63
-0.0084	32.64
-0.0085	32.65
-0.0084	32.66
-0.0083	32.67
-0.0072	32.68
-0.0073	32.69
-0.0053	32.7
-0.0032	32.71
-0.002	32.72
0.0003	32.73
0.0029	32.74
0.0045	32.75
0.0045	32.76
0.0059	32.77
0.0065	32.78
0.007	32.79
0.0074	32.8
0.0099	32.81
0.0096	32.82
0.0096	32.83
0.0099	32.84
0.0102	32.85
0.01	32.86
0.0111	32.87
0.0129	32.88
0.0119	32.89
0.0124	32.9
0.0123	32.91
0.0122	32.92
0.0116	32.93
0.0094	32.94
0.0096	32.95
0.0096	32.96
0.0093	32.97
0.01	32.98
0.0112	32.99
0.0119	33
0.0125	33.01
0.0132	33.02
0.0126	33.03
0.012	33.04
0.0102	33.05
0.0095	33.06
0.0092	33.07
0.0065	33.08
0.0059	33.09
0.0049	33.1
0.0058	33.11
0.005	33.12
0.0039	33.13
0.0043	33.14
0.0034	33.15
0.0028	33.16
0.0047	33.17
0.007	33.18
0.0079	33.19
0.0089	33.2
0.0111	33.21
0.0119	33.22
0.0121	33.23
0.0121	33.24
0.0109	33.25
0.0092	33.26
0.0095	33.27
0.007	33.28
0.0061	33.29
0.0043	33.3
0.0046	33.31
0.0038	33.32
0.0019	33.33
0.0014	33.34
0.0017	33.35
0.0014	33.36
0.0019	33.37
0.0031	33.38
0.0028	33.39
0.0039	33.4
0.0044	33.41
0.0048	33.42
0.005	33.43
0.0044	33.44
0.0058	33.45
0.0057	33.46
0.0054	33.47
0.0045	33.48
0.0042	33.49
0.0021	33.5
0.0017	33.51
0.0021	33.52
0.0014	33.53
0.0016	33.54
0.0011	33.55
-0.0008	33.56
-0.0009	33.57
-0.0015	33.58
-0.0015	33.59
-0.0018	33.6
-0.0041	33.61
-0.0048	33.62
-0.0065	33.63
-0.0066	33.64
-0.0076	33.65
-0.0084	33.66
-0.0091	33.67
-0.009	33.68
-0.0082	33.69
-0.0056	33.7
-0.0051	33.71
-0.0049	33.72
-0.0045	33.73
-0.005	33.74
-0.0034	33.75
-0.004	33.76
-0.006	33.77
-0.0066	33.78
-0.0083	33.79
-0.0092	33.8
-0.0088	33.81
-0.0103	33.82
-0.0089	33.83
-0.0076	33.84
-0.0053	33.85
-0.003	33.86
-0.0009	33.87
-0.0005	33.88
0.0017	33.89
0.0017	33.9
0.0014	33.91
0.001	33.92
-0.0003	33.93
-0.0019	33.94
-0.0037	33.95
-0.0054	33.96
-0.0063	33.97
-0.0067	33.98
-0.0084	33.99
-0.0065	34
-0.0051	34.01
-0.0038	34.02
-0.0037	34.03
-0.0037	34.04
-0.0023	34.05
-0.0013	34.06
-0.0007	34.07
-0.0015	34.08
-0.0011	34.09
-0.0011	34.1
-0.0013	34.11
-0.0022	34.12
-0.0025	34.13
-0.0033	34.14
-0.0033	34.15
-0.0014	34.16
-0.001	34.17
0.001	34.18
0.0019	34.19
0.0035	34.2
0.006	34.21
0.0068	34.22
0.0067	34.23
0.0069	34.24
0.0047	34.25
0.0026	34.26
0.0017	34.27
0.0003	34.28
0.0004	34.29
-0.0006	34.3
-0.0014	34.31
-0.0007	34.32
-0.0007	34.33
0.0015	34.34
0.0025	34.35
0.0046	34.36
0.0045	34.37
0.0044	34.38
0.0047	34.39
0.0045	34.4
0.0042	34.41
0.002	34.42
0.0011	34.43
-0.001	34.44
-0.002	34.45
-0.0036	34.46
-0.0032	34.47
-0.0034	34.48
-0.0035	34.49
-0.003	34.5
-0.0009	34.51
-0.0007	34.52
-0.0009	34.53
-0.0005	34.54
0.0013	34.55
0.0009	34.56
-0.0014	34.57
-0.0012	34.58
-0.0032	34.59
-0.0035	34.6
-0.0033	34.61
-0.0041	34.62
-0.0053	34.63
-0.006	34.64
-0.0066	34.65
-0.0069	34.66
-0.0092	34.67
-0.0091	34.68
-0.0089	34.69
-0.0092	34.7
-0.0097	34.71
-0.0118	34.72
-0.0122	34.73
-0.0131	34.74
-0.013	34.75
-0.0123	34.76
-0.0117	34.77
-0.0112	34.78
-0.0094	34.79
-0.0082	34.8
-0.0065	34.81
-0.0056	34.82
-0.0037	34.83
-0.0028	34.84
-0.0001	34.85
0.0004	34.86
0.0013	34.87
0.0016	34.88
0.0014	34.89
0.0016	34.9
0.0015	34.91
0.0015	34.92
0.0016	34.93
0.0028	34.94
0.0028	34.95
0.0026	34.96
0.0028	34.97
0.0029	34.98
0.0042	34.99
0.0055	35
0.0066	35.01
0.0068	35.02
0.0068	35.03
0.0067	35.04
0.0055	35.05
0.0056	35.06
0.0047	35.07
0.0032	35.08
0.0031	35.09
0.0021	35.1
0.0014	35.11
0.0019	35.12
0.0015	35.13
0.0031	35.14
0.0049	35.15
0.0064	35.16
0.0088	35.17
0.0098	35.18
0.0117	35.19
0.012	35.2
0.0123	35.21
0.014	35.22
0.0129	35.23
0.012	35.24
0.0089	35.25
0.0061	35.26
0.0057	35.27
0.0042	35.28
0.0033	35.29
0.0031	35.3
0.0032	35.31
0.0041	35.32
0.0043	35.33
0.0041	35.34
0.0043	35.35
0.0043	35.36
0.0038	35.37
0.0028	35.38
0.002	35.39
0.0017	35.4
0.0017	35.41
0.0002	35.42
-0.001	35.43
-0.001	35.44
-0.0024	35.45
-0.0037	35.46
-0.0036	35.47
-0.0038	35.48
-0.0039	35.49
-0.003	35.5
-0.0012	35.51
-0.0016	35.52
-0.0006	35.53
0.0016	35.54
0.0017	35.55
0.0019	35.56
0.0011	35.57
0.0001	35.58
-0.0013	35.59
-0.0028	35.6
-0.0044	35.61
-0.0037	35.62
-0.0036	35.63
-0.0038	35.64
-0.0028	35.65
-0.0022	35.66
-0.0033	35.67
-0.004	35.68
-0.005	35.69
-0.0064	35.7
-0.0064	35.71
-0.0087	35.72
-0.0102	35.73
-0.0117	35.74
-0.0114	35.75
-0.0115	35.76
-0.0117	35.77
-0.012	35.78
-0.013	35.79
-0.0117	35.8
-0.0116	35.81
-0.0115	35.82
-0.0107	35.83
-0.0094	35.84
-0.0088	35.85
-0.0092	35.86
-0.0095	35.87
-0.0113	35.88
-0.0115	35.89
-0.0116	35.9
-0.0103	35.91
-0.0094	35.92
-0.0098	35.93
-0.0079	35.94
-0.0056	35.95
-0.0045	35.96
-0.003	35.97
-0.0012	35.98
0.0002	35.99
0.0014	36
0.0017	36.01
0.0035	36.02
0.0028	36.03
0.0025	36.04
0.0023	36.05
0.0029	36.06
0.0029	36.07
0.0039	36.08
0.0043	36.09
0.0055	36.1
0.008	36.11
0.0102	36.12
0.013	36.13
0.0152	36.14
0.017	36.15
0.0172	36.16
0.0172	36.17
0.0169	36.18
0.0168	36.19
0.0173	36.2
0.0157	36.21
0.0145	36.22
0.0145	36.23
0.0144	36.24
0.0142	36.25
0.0142	36.26
0.0142	36.27
0.0141	36.28
0.015	36.29
0.0145	36.3
0.0133	36.31
0.0119	36.32
0.011	36.33
0.0091	36.34
0.0078	36.35
0.0053	36.36
0.0028	36.37
0.0012	36.38
0.0003	36.39
-0.0016	36.4
-0.0021	36.41
-0.0019	36.42
-0.0022	36.43
-0.0021	36.44
-0.0018	36.45
0.0003	36.46
0.0004	36.47
-0.0011	36.48
-0.0023	36.49
-0.0036	36.5
-0.0054	36.51
-0.0071	36.52
-0.0078	36.53
-0.0092	36.54
-0.0095	36.55
-0.0075	36.56
-0.0069	36.57
-0.0073	36.58
-0.0061	36.59
-0.006	36.6
-0.0052	36.61
-0.0041	36.62
-0.0043	36.63
-0.0042	36.64
-0.0041	36.65
-0.0044	36.66
-0.0049	36.67
-0.0056	36.68
-0.0067	36.69
-0.006	36.7
-0.0052	36.71
-0.0056	36.72
-0.0051	36.73
-0.004	36.74
-0.0043	36.75
-0.0027	36.76
-0.0014	36.77
-0.002	36.78
-0.0005	36.79
-0.0003	36.8
-0.001	36.81
-0.0016	36.82
-0.0014	36.83
-0.0015	36.84
-0.0019	36.85
-0.0037	36.86
-0.0037	36.87
-0.0036	36.88
-0.0038	36.89
-0.0037	36.9
-0.0048	36.91
-0.0037	36.92
-0.0035	36.93
-0.0038	36.94
-0.0034	36.95
-0.0041	36.96
-0.0059	36.97
-0.0055	36.98
-0.007	36.99
-0.0079	37
-0.0087	37.01
-0.0099	37.02
-0.0092	37.03
-0.0093	37.04
-0.0093	37.05
-0.0091	37.06
-0.009	37.07
-0.0096	37.08
-0.0108	37.09
-0.0104	37.1
-0.0097	37.11
-0.0085	37.12
-0.0078	37.13
-0.0079	37.14
-0.0074	37.15
-0.0066	37.16
-0.0053	37.17
-0.0059	37.18
-0.0065	37.19
-0.0047	37.2
-0.0053	37.21
-0.0065	37.22
-0.0062	37.23
-0.0061	37.24
-0.005	37.25
-0.0041	37.26
-0.0042	37.27
-0.0032	37.28
-0.002	37.29
-0.0016	37.3
-2.02095e-16	37.31
0.0003	37.32
0.0002	37.33
0.0005	37.34
0.0009	37.35
0.0025	37.36
0.0021	37.37
0.0015	37.38
0.0012	37.39
0.0005	37.4
0.0007	37.41
0.0007	37.42
0.0009	37.43
0.0026	37.44
0.0024	37.45
0.0025	37.46
0.0027	37.47
0.0026	37.48
0.0026	37.49
0.003	37.5
0.004	37.51
0.0043	37.52
0.0042	37.53
0.0043	37.54
0.005	37.55
0.0062	37.56
0.0055	37.57
0.0058	37.58
0.0057	37.59
0.0048	37.6
0.004	37.61
0.004	37.62
0.0039	37.63
0.0038	37.64
0.0039	37.65
0.0038	37.66
0.0036	37.67
0.0025	37.68
0.003	37.69
0.0035	37.7
0.0036	37.71
0.0036	37.72
0.0036	37.73
0.0036	37.74
0.0036	37.75
0.0034	37.76
0.0021	37.77
0.0021	37.78
0.0022	37.79
0.0017	37.8
0.001	37.81
0.001	37.82
0.0013	37.83
0.0017	37.84
0.0021	37.85
0.002	37.86
0.0023	37.87
0.0028	37.88
0.0029	37.89
0.0035	37.9
0.0033	37.91
0.0033	37.92
0.0033	37.93
0.0032	37.94
0.0032	37.95
0.0031	37.96
0.0031	37.97
0.0035	37.98
0.0044	37.99
0.004	38
0.0045	38.01
0.0046	38.02
0.0038	38.03
0.004	38.04
0.0041	38.05
0.0049	38.06
0.0048	38.07
0.0044	38.08
0.0036	38.09
0.0034	38.1
0.0026	38.11
0.002	38.12
0.0023	38.13
0.002	38.14
0.002	38.15
0.002	38.16
0.002	38.17
0.0022	38.18
0.0024	38.19
0.0029	38.2
0.0027	38.21
0.0026	38.22
0.0026	38.23
0.0025	38.24
0.0024	38.25
0.0024	38.26
0.0023	38.27
0.0022	38.28
0.0021	38.29
0.0021	38.3
0.002	38.31
0.0019	38.32
0.0019	38.33
0.0018	38.34
0.0016	38.35
0.0009	38.36
0.0008	38.37
0.0003	38.38
-0.0002	38.39
0.0001	38.4
-0.0001	38.41
-0.0001	38.42
-0.0001	38.43
-0.0001	38.44
-0.0002	38.45
-0.0002	38.46
-0.0002	38.47
-0.0003	38.48
-0.0008	38.49
-0.0005	38.5
-0.0001	38.51
-0.0002	38.52
0.0004	38.53
0.0004	38.54
0.0002	38.55
-0.0001	38.56
-0.0003	38.57
-0.0005	38.58
-0.0009	38.59
-0.0009	38.6
-0.0013	38.61
-0.0012	38.62
-0.0015	38.63
-0.0016	38.64
-0.0014	38.65
-0.0017	38.66
-0.0018	38.67
-0.0017	38.68
-0.0016	38.69
-0.0016	38.7
-0.0015	38.71
-0.0014	38.72
-0.0013	38.73
-0.0012	38.74
-0.0012	38.75
-0.0009	38.76
-0.0009	38.77
-0.001	38.78
-0.0008	38.79
-0.0005	38.8
-0.0005	38.81
-0.0004	38.82
-0.0001	38.83
-0.0001	38.84
-0.0001	38.85
-0.0001	38.86
-0.0001	38.87
3.37837e-16	38.88
-9.54098e-17	38.89
-5.6205e-16	38.9
-9.62772e-16	38.91
0.0001	38.92
0.0002	38.93
0.0003	38.94
0.0002	38.95
0.0003	38.96
0.0003	38.97
0.0002	38.98
0.0001	38.99
0.0002	39
0.0001	39.01
0.0002	39.02
0.0002	39.03
0.0001	39.04
-6.8695e-16	39.05
0.0001	39.06
-0.0001	39.07
-0.0001	39.08
-0.0001	39.09
-0.0001	39.1
-1.37043e-15	39.11
-1.27676e-15	39.12
0.0001	39.13
0.0001	39.14
0.0002	39.15
0.0002	39.16
0.0003	39.17
0.0003	39.18
0.0003	39.19
0.0004	39.2
0.0004	39.21
0.0004	39.22
0.0005	39.23
0.0005	39.24
0.0005	39.25
0.0005	39.26
0.0005	39.27
0.0004	39.28
0.0004	39.29
0.0004	39.3
0.0004	39.31
0.0003	39.32
0.0003	39.33
0.0002	39.34
0.0002	39.35
0.0001	39.36
0.0001	39.37
0.0001	39.38
0.0001	39.39
0.0001	39.4
2.74086e-16	39.41
8.32667e-17	39.42
-1.46584e-16	39.43
-2.48065e-16	39.44
-2.52836e-16	39.45
-2.93602e-16	39.46
-2.88831e-16	39.47
-0.0001	39.48
-0.0001	39.49
-0.0001	39.5
-0.0001	39.51
-0.0001	39.52
-0.0001	39.53
-0.0001	39.54
-0.0002	39.55
-0.0002	39.56
-0.0002	39.57
-0.0002	39.58
-0.0002	39.59
-0.0002	39.6
-0.0002	39.61
-0.0002	39.62
-0.0002	39.63
-0.0002	39.64
-0.0003	39.65
-0.0003	39.66
-0.0003	39.67
-0.0003	39.68
-0.0003	39.69
-0.0003	39.7
-0.0003	39.71
-0.0003	39.72
-0.0003	39.73
-0.0003	39.74
-0.0003	39.75
-0.0003	39.76
-0.0003	39.77
-0.0003	39.78
-0.0003	39.79
-0.0003	39.8
-0.0003	39.81
-0.0003	39.82
-0.0003	39.83
-0.0003	39.84
-0.0003	39.85
-0.0003	39.86
-0.0003	39.87
-0.0003	39.88
-0.0003	39.89
-0.0003	39.9
-6.55942e-17	39.91
-2.65846e-16	39.92
-5.07407e-16	39.93
-6.76542e-16	39.94
-7.18176e-16	39.95
-6.22766e-16	39.96
-3.90313e-16	39.97
-1.2837e-16	39.98
7.80626e-17	39.99
1.96891e-16	40
2.08167e-16	40.01
4.20237e-16	40.02
7.2338e-16	40.03
9.67976e-16	40.04
1.14492e-15	40.05
1.21084e-15	40.06
1.42247e-15	40.07
1.62717e-15	40.08
1.73819e-15	40.09
1.66187e-15	40.1
1.53003e-15	40.11
1.54737e-15	40.12
1.52309e-15	40.13
1.38084e-15	40.14
1.08073e-15	40.15
5.82e-16	40.16
2.05565e-16	40.17
-2.02529e-16	40.18
-5.07407e-16	40.19
-5.36897e-16	40.2
-4.5363e-16	40.21
-3.10516e-16	40.22
-1.17961e-16	40.23
0	40.24
1.44199e-16	40.25
1.58944e-16	40.26
-1.30104e-18	40.27
-3.7817e-16	40.28
-7.11237e-16	40.29
-9.57567e-16	40.3
-1.04083e-15	40.31
-1.05471e-15	40.32
-1.02175e-15	40.33
-9.90527e-16	40.34
-9.17669e-16	40.35
-8.51749e-16	40.36
-7.75421e-16	40.37
-7.42462e-16	40.38
-7.07767e-16	40.39
-7.66748e-16	40.4
-8.74301e-16	40.41
-9.67976e-16	40.42
-1.07206e-15	40.43
-1.04257e-15	40.44
-9.22873e-16	40.45
-7.01696e-16	40.46
-5.46221e-16	40.47
-4.94071e-16	40.48
-3.00975e-16	40.49
3.29597e-17	40.5
3.01842e-16	40.51
4.66641e-16	40.52
5.53377e-16	40.53
5.6552e-16	40.54
4.57967e-16	40.55
2.9577e-16	40.56
7.04731e-17	40.57
-1.2837e-16	40.58
-2.89265e-16	40.59
-4.45824e-16	40.6
-4.61436e-16	40.61
-4.71845e-16	40.62
-4.44089e-16	40.63
-4.3715e-16	40.64
-5.47739e-16	40.65
-5.75061e-16	40.66
-3.44668e-16	40.67
2.79047e-17	40.68
3.48679e-16	40.69
2.71484e-16	40.7
3.47378e-16	40.71
3.64292e-16	40.72
2.41994e-16	40.73
1.19696e-16	40.74
-8.67362e-19	40.75
-8.1532e-17	40.76
-8.67362e-17	40.77
-5.0307e-17	40.78
-1.47451e-16	40.79
-2.47198e-16	40.8
-3.00107e-16	40.81
-3.33067e-16	40.82
-4.17201e-16	40.83
-6.32307e-16	40.84
-6.94323e-16	40.85
-6.81584e-16	40.86
-6.20164e-16	40.87
-5.23019e-16	40.88
-4.34548e-16	40.89
-1.56776e-16	40.9
1.58727e-16	40.91
3.46077e-16	40.92
4.66207e-16	40.93
6.35342e-16	40.94
8.56953e-16	40.95
