0	0
9.81783e-11	0.0244141
4.20531e-10	0.0488281
1.00221e-09	0.0732422
1.87017e-09	0.0976562
3.05604e-09	0.12207
4.57867e-09	0.146484
6.47609e-09	0.170898
8.78677e-09	0.195312
1.15145e-08	0.219727
1.46637e-08	0.244141
1.82878e-08	0.268555
2.24035e-08	0.292969
2.70247e-08	0.317383
3.20867e-08	0.341797
3.76803e-08	0.366211
4.38955e-08	0.390625
5.08767e-08	0.415039
5.85552e-08	0.439453
6.6868e-08	0.463867
7.57545e-08	0.488281
8.52429e-08	0.512695
9.53603e-08	0.537109
1.06148e-07	0.561523
1.17873e-07	0.585938
1.30557e-07	0.610352
1.44185e-07	0.634766
1.5845e-07	0.65918
1.73034e-07	0.683594
1.87963e-07	0.708008
2.03523e-07	0.732422
2.20777e-07	0.756836
2.40851e-07	0.78125
2.62975e-07	0.805664
2.85208e-07	0.830078
3.06619e-07	0.854492
3.28056e-07	0.878906
3.50529e-07	0.90332
3.7416e-07	0.927734
4.01061e-07	0.952148
4.32748e-07	0.976562
4.66566e-07	1.00098
4.98618e-07	1.02539
5.28469e-07	1.0498
5.6022e-07	1.07422
5.96625e-07	1.09863
6.32858e-07	1.12305
6.6467e-07	1.14746
6.96521e-07	1.17188
7.35595e-07	1.19629
7.81893e-07	1.2207
8.28103e-07	1.24512
8.72646e-07	1.26953
9.19979e-07	1.29395
9.66713e-07	1.31836
1.00831e-06	1.34277
1.04984e-06	1.36719
1.09921e-06	1.3916
1.15541e-06	1.41602
1.20896e-06	1.44043
1.25908e-06	1.46484
1.31303e-06	1.48926
1.37059e-06	1.51367
1.43042e-06	1.53809
1.49686e-06	1.5625
1.57264e-06	1.58691
1.65275e-06	1.61133
1.73038e-06	1.63574
1.8023e-06	1.66016
1.87447e-06	1.68457
1.95654e-06	1.70898
2.04328e-06	1.7334
2.11555e-06	1.75781
2.17201e-06	1.78223
2.2325e-06	1.80664
2.3151e-06	1.83105
2.41026e-06	1.85547
2.49824e-06	1.87988
2.57125e-06	1.9043
2.64042e-06	1.92871
2.6955e-06	1.95312
2.73079e-06	1.97754
2.77414e-06	2.00195
2.85943e-06	2.02637
2.98341e-06	2.05078
3.10386e-06	2.0752
3.22224e-06	2.09961
3.37334e-06	2.12402
3.52776e-06	2.14844
3.61324e-06	2.17285
3.58039e-06	2.19727
3.54565e-06	2.22168
3.68148e-06	2.24609
3.94838e-06	2.27051
4.20441e-06	2.29492
4.3596e-06	2.31934
4.47953e-06	2.34375
4.74978e-06	2.36816
5.15851e-06	2.39258
5.42953e-06	2.41699
5.34983e-06	2.44141
5.11793e-06	2.46582
5.15977e-06	2.49023
5.56073e-06	2.51465
5.95253e-06	2.53906
6.06906e-06	2.56348
6.08978e-06	2.58789
6.16523e-06	2.6123
6.08634e-06	2.63672
5.84554e-06	2.66113
5.85844e-06	2.68555
6.23313e-06	2.70996
6.56736e-06	2.73438
6.37621e-06	2.75879
5.9221e-06	2.7832
6.06809e-06	2.80762
6.62274e-06	2.83203
7.0001e-06	2.85645
7.18006e-06	2.88086
7.29033e-06	2.90527
7.45112e-06	2.92969
7.63281e-06	2.9541
7.66752e-06	2.97852
7.54021e-06	3.00293
7.33368e-06	3.02734
7.29146e-06	3.05176
7.77489e-06	3.07617
8.45683e-06	3.10059
8.65589e-06	3.125
8.29553e-06	3.14941
7.89658e-06	3.17383
8.11567e-06	3.19824
9.0007e-06	3.22266
9.89901e-06	3.24707
1.01852e-05	3.27148
9.92041e-06	3.2959
9.65687e-06	3.32031
9.50835e-06	3.34473
9.53878e-06	3.36914
1.0036e-05	3.39355
1.10117e-05	3.41797
1.17469e-05	3.44238
1.18823e-05	3.4668
1.09965e-05	3.49121
1.01525e-05	3.51562
1.1034e-05	3.54004
1.25012e-05	3.56445
1.31717e-05	3.58887
1.27634e-05	3.61328
1.23866e-05	3.6377
1.34487e-05	3.66211
1.53838e-05	3.68652
1.68974e-05	3.71094
1.74484e-05	3.73535
1.72114e-05	3.75977
1.65311e-05	3.78418
1.5892e-05	3.80859
1.60052e-05	3.83301
1.78013e-05	3.85742
2.09246e-05	3.88184
2.35633e-05	3.90625
2.41531e-05	3.93066
2.24685e-05	3.95508
2.07949e-05	3.97949
2.06818e-05	4.00391
2.18433e-05	4.02832
2.31376e-05	4.05273
2.43529e-05	4.07715
2.55507e-05	4.10156
2.61991e-05	4.12598
2.61362e-05	4.15039
2.6033e-05	4.1748
2.69412e-05	4.19922
2.99546e-05	4.22363
3.30263e-05	4.24805
3.40608e-05	4.27246
3.26981e-05	4.29688
3.12109e-05	4.32129
3.13103e-05	4.3457
3.29827e-05	4.37012
3.44407e-05	4.39453
3.27367e-05	4.41895
2.84783e-05	4.44336
2.69567e-05	4.46777
2.89198e-05	4.49219
3.15325e-05	4.5166
3.25362e-05	4.54102
3.14945e-05	4.56543
3.05671e-05	4.58984
3.1563e-05	4.61426
3.37636e-05	4.63867
3.49437e-05	4.66309
3.6065e-05	4.6875
3.78366e-05	4.71191
3.93744e-05	4.73633
3.97877e-05	4.76074
3.69287e-05	4.78516
3.32821e-05	4.80957
3.4253e-05	4.83398
3.88732e-05	4.8584
4.11491e-05	4.88281
3.91156e-05	4.90723
3.541e-05	4.93164
3.26345e-05	4.95605
3.21571e-05	4.98047
3.52325e-05	5.00488
4.08743e-05	5.0293
4.52171e-05	5.05371
4.35609e-05	5.07812
3.69715e-05	5.10254
3.20808e-05	5.12695
3.32702e-05	5.15137
3.73869e-05	5.17578
3.97581e-05	5.2002
3.99501e-05	5.22461
3.94155e-05	5.24902
3.85771e-05	5.27344
3.8507e-05	5.29785
3.92745e-05	5.32227
4.0142e-05	5.34668
4.07492e-05	5.37109
3.98034e-05	5.39551
3.67839e-05	5.41992
3.23215e-05	5.44434
2.82027e-05	5.46875
2.68873e-05	5.49316
3.03338e-05	5.51758
3.70716e-05	5.54199
4.40782e-05	5.56641
4.78372e-05	5.59082
4.57993e-05	5.61523
4.23574e-05	5.63965
4.34471e-05	5.66406
4.9922e-05	5.68848
5.68377e-05	5.71289
5.80209e-05	5.7373
5.25236e-05	5.76172
4.60178e-05	5.78613
4.18038e-05	5.81055
3.98382e-05	5.83496
3.91162e-05	5.85938
3.90538e-05	5.88379
4.03964e-05	5.9082
4.18595e-05	5.93262
3.92835e-05	5.95703
3.45569e-05	5.98145
3.73489e-05	6.00586
4.9148e-05	6.03027
6.01259e-05	6.05469
6.56328e-05	6.0791
6.49491e-05	6.10352
5.88996e-05	6.12793
5.2122e-05	6.15234
5.152e-05	6.17676
5.81078e-05	6.20117
6.56865e-05	6.22559
6.55474e-05	6.25
5.55147e-05	6.27441
4.14794e-05	6.29883
3.87495e-05	6.32324
5.45754e-05	6.34766
6.64802e-05	6.37207
6.98879e-05	6.39648
7.14034e-05	6.4209
7.46303e-05	6.44531
7.49089e-05	6.46973
6.91578e-05	6.49414
6.37857e-05	6.51855
6.62461e-05	6.54297
7.70735e-05	6.56738
9.17927e-05	6.5918
0.00010465	6.61621
0.000105915	6.64062
9.30536e-05	6.66504
7.54712e-05	6.68945
6.94561e-05	6.71387
7.87344e-05	6.73828
8.72707e-05	6.7627
9.19866e-05	6.78711
9.79889e-05	6.81152
0.000108195	6.83594
0.000119727	6.86035
0.000129959	6.88477
0.000133004	6.90918
0.00012551	6.93359
0.000111856	6.95801
0.000101673	6.98242
0.000101889	7.00684
0.000105864	7.03125
0.000107828	7.05566
0.000110652	7.08008
0.000118588	7.10449
0.000129572	7.12891
0.000139897	7.15332
0.000149647	7.17773
0.000157416	7.20215
0.000159216	7.22656
0.00015221	7.25098
0.000142829	7.27539
0.000140567	7.2998
0.000143139	7.32422
0.000138554	7.34863
0.000119077	7.37305
0.000101507	7.39746
0.000103149	7.42188
0.000113129	7.44629
0.000118378	7.4707
0.000120227	7.49512
0.000122201	7.51953
0.000121535	7.54395
0.000118303	7.56836
0.000112924	7.59277
0.000105408	7.61719
0.000101813	7.6416
0.000113611	7.66602
0.000137646	7.69043
0.000140187	7.71484
0.000118233	7.73926
0.00011491	7.76367
0.000125533	7.78809
0.000142525	7.8125
0.000158137	7.83691
0.000163411	7.86133
0.00015801	7.88574
0.000142626	7.91016
0.000124612	7.93457
0.000113707	7.95898
0.000108967	7.9834
0.000104156	8.00781
0.000101109	8.03223
9.76686e-05	8.05664
8.69958e-05	8.08105
7.78013e-05	8.10547
8.12842e-05	8.12988
9.53755e-05	8.1543
0.00011159	8.17871
0.000117378	8.20312
0.000111444	8.22754
0.000104325	8.25195
0.000104783	8.27637
0.000114886	8.30078
0.000129268	8.3252
0.000143802	8.34961
0.000156957	8.37402
0.000170287	8.39844
0.000183852	8.42285
0.000193614	8.44727
0.000195801	8.47168
0.000186782	8.49609
0.000166144	8.52051
0.000149278	8.54492
0.00015179	8.56934
0.000165945	8.59375
0.000178661	8.61816
0.000188437	8.64258
0.00020049	8.66699
0.000211757	8.69141
0.00020893	8.71582
0.000191265	8.74023
0.000181507	8.76465
0.000187021	8.78906
0.000186365	8.81348
0.000162124	8.83789
0.000139262	8.8623
0.000143747	8.88672
0.000164974	8.91113
0.00017791	8.93555
0.000180899	8.95996
0.000201545	8.98438
0.000242779	9.00879
0.000285932	9.0332
0.000320385	9.05762
0.000348477	9.08203
0.000378848	9.10645
0.000412854	9.13086
0.000440931	9.15527
0.000462774	9.17969
0.000493508	9.2041
0.000542205	9.22852
0.00059327	9.25293
0.000633561	9.27734
0.000657776	9.30176
0.000673293	9.32617
0.000691593	9.35059
0.000711421	9.375
0.000728761	9.39941
0.000745682	9.42383
0.000762321	9.44824
0.000774858	9.47266
0.000778289	9.49707
0.000768793	9.52148
0.000750339	9.5459
0.000731967	9.57031
0.000712816	9.59473
0.00069252	9.61914
0.000682085	9.64355
0.000692668	9.66797
0.000721788	9.69238
0.000745471	9.7168
0.000744802	9.74121
0.000733885	9.76562
0.000749059	9.79004
0.00078318	9.81445
0.000808095	9.83887
0.00083503	9.86328
0.000886507	9.8877
0.00096029	9.91211
0.00103543	9.93652
0.00108875	9.96094
0.0011199	9.98535
0.00114849	10.0098
0.0011967	10.0342
0.00126403	10.0586
0.00133691	10.083
0.00140387	10.1074
0.00146277	10.1318
0.00151408	10.1562
0.00155764	10.1807
0.0015913	10.2051
0.00161797	10.2295
0.00164653	10.2539
0.0016864	10.2783
0.00174195	10.3027
0.00181005	10.3271
0.00188712	10.3516
0.00196983	10.376
0.0020553	10.4004
0.00213893	10.4248
0.00221615	10.4492
0.00228216	10.4736
0.00233507	10.498
0.0023752	10.5225
0.00239945	10.5469
0.00240807	10.5713
0.00240647	10.5957
0.00239887	10.6201
0.00238601	10.6445
0.00236654	10.6689
0.00234023	10.6934
0.00231421	10.7178
0.00230062	10.7422
0.00230427	10.7666
0.00232128	10.791
0.00234624	10.8154
0.00237192	10.8398
0.00239462	10.8643
0.00242038	10.8887
0.00245738	10.9131
0.00250657	10.9375
0.00256349	10.9619
0.00262003	10.9863
0.00267232	11.0107
0.00271975	11.0352
0.00276273	11.0596
0.00280528	11.084
0.00284841	11.1084
0.00289338	11.1328
0.00294092	11.1572
0.00298556	11.1816
0.00301878	11.2061
0.00303568	11.2305
0.0030405	11.2549
0.0030471	11.2793
0.00307025	11.3037
0.00310911	11.3281
0.00314057	11.3525
0.00314226	11.377
0.00312051	11.4014
0.0030851	11.4258
0.00303702	11.4502
0.0029809	11.4746
0.00291376	11.499
0.00283657	11.5234
0.00275472	11.5479
0.00267867	11.5723
0.00262152	11.5967
0.00257218	11.6211
0.00251511	11.6455
0.00247042	11.6699
0.0024539	11.6943
0.0024555	11.7188
0.00246705	11.7432
0.00246251	11.7676
0.00239929	11.792
0.00226835	11.8164
0.00216558	11.8408
0.00217825	11.8652
0.00222678	11.8896
0.00229252	11.9141
0.00239802	11.9385
0.00251072	11.9629
0.00262187	11.9873
0.00272616	12.0117
0.00281063	12.0361
0.00287155	12.0605
0.00291044	12.085
0.00293393	12.1094
0.00295217	12.1338
0.00296681	12.1582
0.00297216	12.1826
0.0029616	12.207
0.00293291	12.2314
0.00288936	12.2559
0.00284125	12.2803
0.00280035	12.3047
0.00276442	12.3291
0.00272245	12.3535
0.00266976	12.3779
0.00260123	12.4023
0.00250887	12.4268
0.00237749	12.4512
0.00220363	12.4756
0.00209298	12.5
0.00214834	12.5244
0.00219828	12.5488
0.0022242	12.5732
0.00227297	12.5977
0.0023266	12.6221
0.00238891	12.6465
0.0024497	12.6709
0.00251198	12.6953
0.002581	12.7197
0.00265326	12.7441
0.00273211	12.7686
0.00281154	12.793
0.00287827	12.8174
0.00291411	12.8418
0.00291096	12.8662
0.00287511	12.8906
0.00281722	12.915
0.00274219	12.9395
0.00264873	12.9639
0.00252911	12.9883
0.00238308	13.0127
0.0022513	13.0371
0.00221618	13.0615
0.00227611	13.0859
0.00235614	13.1104
0.00242339	13.1348
0.00246241	13.1592
0.00245974	13.1836
0.00241038	13.208
0.00231273	13.2324
0.00217139	13.2568
0.00199493	13.2812
0.00179339	13.3057
0.00156262	13.3301
0.00128929	13.3545
0.000979765	13.3789
0.000709487	13.4033
0.000641795	13.4277
0.000836151	13.4521
0.0011001	13.4766
0.00129042	13.501
0.00146753	13.5254
0.00166115	13.5498
0.00182311	13.5742
0.00195763	13.5986
0.00207407	13.623
0.00217664	13.6475
0.00227176	13.6719
0.0023625	13.6963
0.00246426	13.7207
0.00258641	13.7451
0.00271784	13.7695
0.00284436	13.7939
0.00295617	13.8184
0.00304213	13.8428
0.00309086	13.8672
0.00309745	13.8916
0.00306509	13.916
0.00299787	13.9404
0.00289385	13.9648
0.00274961	13.9893
0.002565	14.0137
0.00235935	14.0381
0.00216607	14.0625
0.00200401	14.0869
0.00188996	14.1113
0.00183319	14.1357
0.00182821	14.1602
0.00187571	14.1846
0.00197847	14.209
0.0021173	14.2334
0.00225634	14.2578
0.00238284	14.2822
0.00249817	14.3066
0.00259545	14.3311
0.00265057	14.3555
0.00265256	14.3799
0.00261368	14.4043
0.0025476	14.4287
0.00245929	14.4531
0.00235409	14.4775
0.00223871	14.502
0.00211177	14.5264
0.00195765	14.5508
0.00176316	14.5752
0.00154131	14.5996
0.00131734	14.624
0.0011092	14.6484
0.000924623	14.6729
0.000793304	14.6973
0.000746389	14.7217
0.000769842	14.7461
0.000860634	14.7705
0.00100793	14.7949
0.00115548	14.8193
0.00126749	14.8438
0.00135176	14.8682
0.00140171	14.8926
0.00141317	14.917
0.00138359	14.9414
0.00131142	14.9658
0.00120425	14.9902
0.00107122	15.0146
0.00092348	15.0391
0.000775315	15.0635
0.000649071	15.0879
0.000634925	15.1123
0.000742544	15.1367
0.000874288	15.1611
0.000999725	15.1855
0.00113759	15.21
0.00128679	15.2344
0.00145289	15.2588
0.00165304	15.2832
0.00188807	15.3076
0.00214447	15.332
0.00240705	15.3564
0.00266566	15.3809
0.00290486	15.4053
0.00310914	15.4297
0.00326766	15.4541
0.00337278	15.4785
0.00342973	15.5029
0.00341697	15.5273
0.00331713	15.5518
0.00314233	15.5762
0.00294488	15.6006
0.00276634	15.625
0.00266151	15.6494
0.00266722	15.6738
0.0027263	15.6982
0.00279609	15.7227
0.00287146	15.7471
0.0029376	15.7715
0.00299025	15.7959
0.00302477	15.8203
0.00304196	15.8447
0.00304498	15.8691
0.00303107	15.8936
0.00299227	15.918
0.00292114	15.9424
0.00282161	15.9668
0.00271582	15.9912
0.00263223	16.0156
0.0026027	16.04
0.00260512	16.0645
0.00260251	16.0889
0.00259654	16.1133
0.00259717	16.1377
0.00260764	16.1621
0.00262969	16.1865
0.0026595	16.2109
0.0026873	16.2354
0.00270469	16.2598
0.00270805	16.2842
0.00270012	16.3086
0.00269099	16.333
0.00269092	16.3574
0.00269847	16.3818
0.00269645	16.4062
0.00268084	16.4307
0.00265557	16.4551
0.00261376	16.4795
0.00255116	16.5039
0.0024675	16.5283
0.00236104	16.5527
0.0022303	16.5771
0.00207914	16.6016
0.00191889	16.626
0.00178384	16.6504
0.00169431	16.6748
0.00165317	16.6992
0.00166238	16.7236
0.00171051	16.748
0.00179238	16.7725
0.00190213	16.7969
0.00202728	16.8213
0.00215366	16.8457
0.00226425	16.8701
0.00234088	16.8945
0.00237584	16.9189
0.00236024	16.9434
0.00231053	16.9678
0.00224995	16.9922
0.00220326	17.0166
0.00218452	17.041
0.00217375	17.0654
0.00213589	17.0898
0.0020632	17.1143
0.00197691	17.1387
0.00189384	17.1631
0.00182857	17.1875
0.00178141	17.2119
0.00175863	17.2363
0.00176481	17.2607
0.00179811	17.2852
0.00183767	17.3096
0.00185802	17.334
0.00185261	17.3584
0.00182514	17.3828
0.00178416	17.4072
0.00172964	17.4316
0.0016601	17.4561
0.00157848	17.4805
0.00148916	17.5049
0.0013966	17.5293
0.001306	17.5537
0.00122004	17.5781
0.00113517	17.6025
0.00104826	17.627
0.000960935	17.6514
0.000877441	17.6758
0.000796545	17.7002
0.000719122	17.7246
0.000646755	17.749
0.000591379	17.7734
0.000585517	17.7979
0.000644576	17.8223
0.000738613	17.8467
0.000830646	17.8711
0.000902762	17.8955
0.00095556	17.9199
0.000996346	17.9443
0.00102769	17.9688
0.00103955	17.9932
0.00102801	18.0176
0.000992435	18.042
0.000931474	18.0664
0.000856142	18.0908
0.000774208	18.1152
0.00068952	18.1396
0.00060117	18.1641
0.000508253	18.1885
0.000415016	18.2129
0.000327701	18.2373
0.000243031	18.2617
0.00016941	18.2861
0.000129145	18.3105
0.000141601	18.335
0.000182391	18.3594
0.000231846	18.3838
0.000283583	18.4082
0.000334352	18.4326
0.000382546	18.457
0.000425119	18.4814
0.000460218	18.5059
0.000484291	18.5303
0.00048905	18.5547
0.000464318	18.5791
0.00040783	18.6035
0.000328691	18.6279
0.000254691	18.6523
0.000201173	18.6768
0.000175649	18.7012
0.000192683	18.7256
0.000251274	18.75
0.000326371	18.7744
0.000399153	18.7988
0.000463999	18.8232
0.000529896	18.8477
0.000599788	18.8721
0.000673248	18.8965
0.000746592	18.9209
0.00081565	18.9453
0.000878148	18.9697
0.00091787	18.9941
0.000920832	19.0186
0.000889373	19.043
0.00086402	19.0674
0.000882091	19.0918
0.000937089	19.1162
0.000996096	19.1406
0.0010507	19.165
0.00109841	19.1895
0.00115167	19.2139
0.00121652	19.2383
0.0012857	19.2627
0.00134867	19.2871
0.00140384	19.3115
0.00144883	19.3359
0.00148014	19.3604
0.00149298	19.3848
0.00148128	19.4092
0.0014411	19.4336
0.00137708	19.458
0.00130965	19.4824
0.0012512	19.5068
0.00120263	19.5312
0.00116086	19.5557
0.00113058	19.5801
0.00112018	19.6045
0.00113707	19.6289
0.00118195	19.6533
0.00123694	19.6777
0.0012896	19.7021
0.00132872	19.7266
0.00134806	19.751
0.00136085	19.7754
0.00137108	19.7998
0.00138201	19.8242
0.00139202	19.8486
0.00139863	19.873
0.00138887	19.8975
0.0013436	19.9219
0.00127108	19.9463
0.00118601	19.9707
0.00111016	19.9951
0.00105801	20.0195
0.00103852	20.0439
0.00104902	20.0684
0.00107926	20.0928
0.00114608	20.1172
0.001249	20.1416
0.00137564	20.166
0.00152166	20.1904
0.00168704	20.2148
0.00187482	20.2393
0.00205763	20.2637
0.00220784	20.2881
0.00230837	20.3125
0.00238086	20.3369
0.00245463	20.3613
0.00252473	20.3857
0.00258819	20.4102
0.00264399	20.4346
0.00269843	20.459
0.00275929	20.4834
0.00281655	20.5078
0.00286186	20.5322
0.00289074	20.5566
0.00291282	20.5811
0.00293625	20.6055
0.00296274	20.6299
0.00300141	20.6543
0.00305335	20.6787
0.00311967	20.7031
0.00320273	20.7275
0.00329827	20.752
0.00340646	20.7764
0.00352321	20.8008
0.00363902	20.8252
0.00374646	20.8496
0.00383898	20.874
0.00391318	20.8984
0.00396739	20.9229
0.00399903	20.9473
0.00400625	20.9717
0.0039904	20.9961
0.00396148	21.0205
0.00394017	21.0449
0.00394129	21.0693
0.00395186	21.0938
0.00394957	21.1182
0.0039295	21.1426
0.00389486	21.167
0.00385587	21.1914
0.0038152	21.2158
0.00377179	21.2402
0.0037182	21.2646
0.00364458	21.2891
0.00356422	21.3135
0.00348779	21.3379
0.00342145	21.3623
0.00336326	21.3867
0.00329334	21.4111
0.00321331	21.4355
0.00311924	21.46
0.00301044	21.4844
0.00288792	21.5088
0.00275353	21.5332
0.0026088	21.5576
0.00246406	21.582
0.00233465	21.6064
0.00223559	21.6309
0.00218364	21.6553
0.00214853	21.6797
0.0020903	21.7041
0.00202525	21.7285
0.0019744	21.7529
0.0019317	21.7773
0.0018933	21.8018
0.00186151	21.8262
0.00184379	21.8506
0.00183587	21.875
0.0018178	21.8994
0.00178532	21.9238
0.00173745	21.9482
0.001684	21.9727
0.001634	21.9971
0.00158522	22.0215
0.00153591	22.0459
0.00150174	22.0703
0.00148591	22.0947
0.0014763	22.1191
0.00145611	22.1436
0.0014209	22.168
0.00137302	22.1924
0.00132019	22.2168
0.00126887	22.2412
0.00120751	22.2656
0.0011081	22.29
0.000957646	22.3145
0.000800655	22.3389
0.000697485	22.3633
0.000657758	22.3877
0.000692474	22.4121
0.000788537	22.4365
0.00091128	22.4609
0.00103639	22.4854
0.00115227	22.5098
0.00125334	22.5342
0.00133573	22.5586
0.00140008	22.583
0.00144802	22.6074
0.00147579	22.6318
0.00147864	22.6562
0.0014523	22.6807
0.00140231	22.7051
0.00134709	22.7295
0.00128825	22.7539
0.00123686	22.7783
0.00118863	22.8027
0.00113972	22.8271
0.00108949	22.8516
0.00104249	22.876
0.00100091	22.9004
0.000968105	22.9248
0.000949706	22.9492
0.000941179	22.9736
0.000940725	22.998
0.000939013	23.0225
0.000949507	23.0469
0.000991079	23.0713
0.00107111	23.0957
0.00118363	23.1201
0.00132137	23.1445
0.00147499	23.1689
0.00161362	23.1934
0.00171546	23.2178
0.00179164	23.2422
0.00186243	23.2666
0.00193128	23.291
0.00199404	23.3154
0.00204026	23.3398
0.00206323	23.3643
0.00206595	23.3887
0.00205014	23.4131
0.00202046	23.4375
0.00198481	23.4619
0.00194731	23.4863
0.00192243	23.5107
0.0019289	23.5352
0.00197326	23.5596
0.00204031	23.584
0.00210943	23.6084
0.00216742	23.6328
0.00220707	23.6572
0.00222479	23.6816
0.00222109	23.7061
0.00220061	23.7305
0.00216546	23.7549
0.00211403	23.7793
0.00204629	23.8037
0.00196657	23.8281
0.0018965	23.8525
0.0018716	23.877
0.0019016	23.9014
0.00197627	23.9258
0.00208746	23.9502
0.00222592	23.9746
0.00237711	23.999
0.00252229	24.0234
0.00264752	24.0479
0.0027526	24.0723
0.00284549	24.0967
0.00292969	24.1211
0.00300065	24.1455
0.00305228	24.1699
0.00309242	24.1943
0.0031357	24.2188
0.00318037	24.2432
0.00320983	24.2676
0.00322903	24.292
0.00324031	24.3164
0.00324654	24.3408
0.00324741	24.3652
0.00325855	24.3896
0.00330747	24.4141
0.00339343	24.4385
0.00349712	24.4629
0.00359977	24.4873
0.00367935	24.5117
0.00372786	24.5361
0.00375497	24.5605
0.00376737	24.585
0.00378125	24.6094
0.00380758	24.6338
0.00385234	24.6582
0.00389757	24.6826
0.00391049	24.707
0.00385713	24.7314
0.00372806	24.7559
0.00353674	24.7803
0.00331167	24.8047
0.00308228	24.8291
0.00285659	24.8535
0.00264575	24.8779
0.00248318	24.9023
0.00239916	24.9268
0.002399	24.9512
0.00246605	24.9756
0.00256892	25
0.00268612	25.0244
0.00280728	25.0488
0.00292788	25.0732
0.0030476	25.0977
0.003159	25.1221
0.00325959	25.1465
0.00333697	25.1709
0.00338203	25.1953
0.0033997	25.2197
0.00341298	25.2441
0.00344846	25.2686
0.00349417	25.293
0.00352903	25.3174
0.003553	25.3418
0.00357913	25.3662
0.00362746	25.3906
0.0036893	25.415
0.00375019	25.4395
0.0037923	25.4639
0.00381649	25.4883
0.00382084	25.5127
0.00380683	25.5371
0.00377658	25.5615
0.00372369	25.5859
0.00363849	25.6104
0.00352478	25.6348
0.00339437	25.6592
0.00325138	25.6836
0.00309753	25.708
0.0029331	25.7324
0.00276243	25.7568
0.00259726	25.7812
0.00245821	25.8057
0.00235762	25.8301
0.00229862	25.8545
0.00227649	25.8789
0.00228082	25.9033
0.00230199	25.9277
0.00233778	25.9521
0.00238381	25.9766
0.00243943	26.001
0.0025095	26.0254
0.00258691	26.0498
0.00266066	26.0742
0.00271684	26.0986
0.0027438	26.123
0.00273723	26.1475
0.00269945	26.1719
0.00263657	26.1963
0.00255767	26.2207
0.00247473	26.2451
0.00238892	26.2695
0.00228829	26.2939
0.00216799	26.3184
0.00203995	26.3428
0.00192462	26.3672
0.00182781	26.3916
0.00175785	26.416
0.00172082	26.4404
0.00169887	26.4648
0.00167864	26.4893
0.00165006	26.5137
0.00160795	26.5381
0.00156661	26.5625
0.00152842	26.5869
0.00148685	26.6113
0.00142775	26.6357
0.00132673	26.6602
0.00117786	26.6846
0.00100783	26.709
0.000859201	26.7334
0.000777451	26.7578
0.000779525	26.7822
0.00086305	26.8066
0.000996672	26.8311
0.00114559	26.8555
0.00128801	26.8799
0.0013994	26.9043
0.00147451	26.9287
0.00153064	26.9531
0.00157715	26.9775
0.00161358	27.002
0.00163398	27.0264
0.00163199	27.0508
0.00161276	27.0752
0.00158933	27.0996
0.00156862	27.124
0.00154974	27.1484
0.00153553	27.1729
0.00152071	27.1973
0.00149708	27.2217
0.0014645	27.2461
0.00142153	27.2705
0.00137674	27.2949
0.00133766	27.3193
0.00129389	27.3438
0.00124974	27.3682
0.00122493	27.3926
0.00123816	27.417
0.00128071	27.4414
0.00132313	27.4658
0.00134693	27.4902
0.00135664	27.5146
0.00135741	27.5391
0.00133934	27.5635
0.00129523	27.5879
0.00122998	27.6123
0.0011567	27.6367
0.00109685	27.6611
0.00106094	27.6855
0.00104379	27.71
0.00105047	27.7344
0.00109518	27.7588
0.00118076	27.7832
0.00129071	27.8076
0.00141475	27.832
0.00155426	27.8564
0.00171199	27.8809
0.00187472	27.9053
0.00202278	27.9297
0.00215249	27.9541
0.00227204	27.9785
0.00238426	28.0029
0.00248231	28.0273
0.00255976	28.0518
0.0026205	28.0762
0.00267222	28.1006
0.0027214	28.125
0.00276785	28.1494
0.00281052	28.1738
0.0028523	28.1982
0.00289257	28.2227
0.00292883	28.2471
0.00295144	28.2715
0.0029467	28.2959
0.00291134	28.3203
0.00285303	28.3447
0.00279361	28.3691
0.00275196	28.3936
0.00272833	28.418
0.00272315	28.4424
0.00274873	28.4668
0.0028083	28.4912
0.00289088	28.5156
0.00297791	28.54
0.00304601	28.5645
0.003076	28.5889
0.00306019	28.6133
0.00302263	28.6377
0.00297647	28.6621
0.00292488	28.6865
0.00287352	28.7109
0.00283623	28.7354
0.00281776	28.7598
0.00282125	28.7842
0.00282889	28.8086
0.00283485	28.833
0.00282699	28.8574
0.00281245	28.8818
0.00280805	28.9062
0.00282535	28.9307
0.00285864	28.9551
0.00289424	28.9795
0.00293388	29.0039
0.00299578	29.0283
0.00308102	29.0527
0.00317156	29.0771
0.003236	29.1016
0.00327609	29.126
0.00330032	29.1504
0.00329849	29.1748
0.00326624	29.1992
0.00320969	29.2236
0.00314423	29.248
0.00308204	29.2725
0.00302898	29.2969
0.00298146	29.3213
0.00293981	29.3457
0.00290836	29.3701
0.00288311	29.3945
0.00284731	29.4189
0.00279145	29.4434
0.00271947	29.4678
0.0026344	29.4922
0.0025387	29.5166
0.0024336	29.541
0.00231805	29.5654
0.00219069	29.5898
0.00205651	29.6143
0.00193473	29.6387
0.0018411	29.6631
0.00177354	29.6875
0.00172275	29.7119
0.00168179	29.7363
0.00165152	29.7607
0.00163707	29.7852
0.00163321	29.8096
0.00162605	29.834
0.00160898	29.8584
0.00158668	29.8828
0.00157211	29.9072
0.00156724	29.9316
0.00156532	29.9561
0.00155362	29.9805
0.00152891	30.0049
0.00149918	30.0293
0.00148052	30.0537
0.00149614	30.0781
0.00156005	30.1025
0.00166245	30.127
0.00178575	30.1514
0.00192447	30.1758
0.00207936	30.2002
0.0022389	30.2246
0.00239443	30.249
0.00253101	30.2734
0.00262966	30.2979
0.00268653	30.3223
0.00270905	30.3467
0.00271234	30.3711
0.00270938	30.3955
0.00270856	30.4199
0.00271406	30.4443
0.00272321	30.4688
0.00273098	30.4932
0.00273839	30.5176
0.00275106	30.542
0.00277219	30.5664
0.00280241	30.5908
0.0028391	30.6152
0.00287912	30.6396
0.00292127	30.6641
0.00295977	30.6885
0.0029871	30.7129
0.00299989	30.7373
0.00299836	30.7617
0.00298021	30.7861
0.00294089	30.8105
0.00287598	30.835
0.00278704	30.8594
0.00269151	30.8838
0.00261478	30.9082
0.00256013	30.9326
0.00251965	30.957
0.00249677	30.9814
0.00250624	31.0059
0.00256152	31.0303
0.00265603	31.0547
0.00276942	31.0791
0.00288859	31.1035
0.00300514	31.1279
0.00311561	31.1523
0.00321392	31.1768
0.00329837	31.2012
0.00336644	31.2256
0.00341881	31.25
0.00344503	31.2744
0.00344305	31.2988
0.00342886	31.3232
0.00341788	31.3477
0.00339756	31.3721
0.00335726	31.3965
0.00330294	31.4209
0.00326094	31.4453
0.00325314	31.4697
0.00326215	31.4941
0.0032614	31.5186
0.00323377	31.543
0.00318331	31.5674
0.00314935	31.5918
0.00313795	31.6162
0.00314068	31.6406
0.00314219	31.665
0.00312324	31.6895
0.00307751	31.7139
0.00299783	31.7383
0.0028869	31.7627
0.00274099	31.7871
0.00254682	31.8115
0.00231792	31.8359
0.00206858	31.8604
0.00179973	31.8848
0.00152947	31.9092
0.00125748	31.9336
0.00100794	31.958
0.00081363	31.9824
0.000719827	32.0068
0.00073043	32.0312
0.000795448	32.0557
0.000890046	32.0801
0.000995906	32.1045
0.00110676	32.1289
0.00120126	32.1533
0.00126048	32.1777
0.00128614	32.2021
0.00127622	32.2266
0.00123708	32.251
0.00117308	32.2754
0.0010865	32.2998
0.000985732	32.3242
0.000875763	32.3486
0.00076085	32.373
0.000646238	32.3975
0.00054166	32.4219
0.00046029	32.4463
0.000409668	32.4707
0.000390069	32.4951
0.000391063	32.5195
0.000400187	32.5439
0.000412238	32.5684
0.000433569	32.5928
0.000476737	32.6172
0.000533016	32.6416
0.000581672	32.666
0.000620483	32.6904
0.0006573	32.7148
0.000688637	32.7393
0.000707979	32.7637
0.000715131	32.7881
0.000714546	32.8125
0.000714023	32.8369
0.000720324	32.8613
0.000731545	32.8857
0.000742566	32.9102
0.000747505	32.9346
0.000740893	32.959
0.000727754	32.9834
0.000711746	33.0078
0.000695276	33.0322
0.000708249	33.0566
0.000754454	33.0811
0.000811213	33.1055
0.000870633	33.1299
0.000935063	33.1543
0.00100001	33.1787
0.00107214	33.2031
0.00115308	33.2275
0.0012391	33.252
0.00132394	33.2764
0.00140588	33.3008
0.00146942	33.3252
0.00151083	33.3496
0.00152721	33.374
0.00152704	33.3984
0.0015123	33.4229
0.0014845	33.4473
0.00144153	33.4717
0.00138883	33.4961
0.00133123	33.5205
0.00127201	33.5449
0.00122931	33.5693
0.00121031	33.5938
0.00120912	33.6182
0.00122008	33.6426
0.0012313	33.667
0.001244	33.6914
0.00128054	33.7158
0.00134893	33.7402
0.00144939	33.7646
0.00157881	33.7891
0.001725	33.8135
0.00187475	33.8379
0.00200571	33.8623
0.00209663	33.8867
0.00213147	33.9111
0.00211213	33.9355
0.00205301	33.96
0.00197258	33.9844
0.00189544	34.0088
0.00184611	34.0332
0.00183783	34.0576
0.0018726	34.082
0.00193513	34.1064
0.00201146	34.1309
0.00209335	34.1553
0.0021703	34.1797
0.00223755	34.2041
0.0022931	34.2285
0.00235327	34.2529
0.00244205	34.2773
0.00256373	34.3018
0.00269797	34.3262
0.00281634	34.3506
0.00290524	34.375
0.00296454	34.3994
0.00299912	34.4238
0.00302206	34.4482
0.003042	34.4727
0.00306978	34.4971
0.00310181	34.5215
0.00313549	34.5459
0.00315862	34.5703
0.00315826	34.5947
0.00313057	34.6191
0.00309373	34.6436
0.00306253	34.668
0.00304138	34.6924
0.00301447	34.7168
0.00296625	34.7412
0.00289835	34.7656
0.00281829	34.79
0.00275034	34.8145
0.00271945	34.8389
0.00274344	34.8633
0.00281381	34.8877
0.00291153	34.9121
0.00301196	34.9365
0.00310263	34.9609
0.00316925	34.9854
0.00321498	35.0098
0.00324737	35.0342
0.00327421	35.0586
0.00329073	35.083
0.00329738	35.1074
0.00330227	35.1318
0.00329211	35.1562
0.00326006	35.1807
0.00320884	35.2051
0.00315454	35.2295
0.00310921	35.2539
0.00308831	35.2783
0.00309304	35.3027
0.00312815	35.3271
0.00318046	35.3516
0.00324012	35.376
0.00328287	35.4004
0.0032825	35.4248
0.00323886	35.4492
0.00317345	35.4736
0.00311964	35.498
0.00308781	35.5225
0.00308745	35.5469
0.00311828	35.5713
0.00316546	35.5957
0.00321225	35.6201
0.0032418	35.6445
0.00323315	35.6689
0.00319669	35.6934
0.00314642	35.7178
0.00309015	35.7422
0.00303686	35.7666
0.00299343	35.791
0.00294838	35.8154
0.0028797	35.8398
0.00279978	35.8643
0.00271415	35.8887
0.00263945	35.9131
0.00258712	35.9375
0.00254463	35.9619
0.00249647	35.9863
0.00244119	36.0107
0.00239741	36.0352
0.00236446	36.0596
0.00231859	36.084
0.00224721	36.1084
0.0021586	36.1328
0.0020598	36.1572
0.00196582	36.1816
0.00188379	36.2061
0.00181766	36.2305
0.00178468	36.2549
0.00178614	36.2793
0.0017922	36.3037
0.00178625	36.3281
0.00176454	36.3525
0.00173844	36.377
0.00171121	36.4014
0.00166961	36.4258
0.00160342	36.4502
0.00151611	36.4746
0.00143045	36.499
0.00136673	36.5234
0.00131888	36.5479
0.00129503	36.5723
0.00132561	36.5967
0.00141997	36.6211
0.00154951	36.6455
0.00168797	36.6699
0.00180533	36.6943
0.00190793	36.7188
0.00201287	36.7432
0.0021165	36.7676
0.00222169	36.792
0.0023186	36.8164
0.00240619	36.8408
0.00247809	36.8652
0.00251539	36.8896
0.00251949	36.9141
0.00249394	36.9385
0.0024544	36.9629
0.00241035	36.9873
0.00235719	37.0117
0.00228195	37.0361
0.00217393	37.0605
0.00203212	37.085
0.00186607	37.1094
0.00168543	37.1338
0.00150053	37.1582
0.00131745	37.1826
0.00114336	37.207
0.000995139	37.2314
0.000873472	37.2559
0.000772012	37.2803
0.000674395	37.3047
0.000566753	37.3291
0.000448443	37.3535
0.000306678	37.3779
0.000174998	37.4023
0.000114275	37.4268
0.000188802	37.4512
0.000306709	37.4756
0.000435248	37.5
0.000572426	37.5244
0.000703065	37.5488
0.000816706	37.5732
0.00092061	37.5977
0.00101419	37.6221
0.00109527	37.6465
0.00114968	37.6709
0.00118045	37.6953
0.00119112	37.7197
0.00117449	37.7441
0.00113957	37.7686
0.00109094	37.793
0.00103062	37.8174
0.000970514	37.8418
0.00093078	37.8662
0.000932818	37.8906
0.000983309	37.915
0.00109929	37.9395
0.00125859	37.9639
0.00143084	37.9883
0.00160853	38.0127
0.001782	38.0371
0.0019385	38.0615
0.00208079	38.0859
0.00221138	38.1104
0.00231096	38.1348
0.00237561	38.1592
0.00242284	38.1836
0.0024542	38.208
0.00247551	38.2324
0.00248949	38.2568
0.0024866	38.2812
0.00246268	38.3057
0.00242277	38.3301
0.00237078	38.3545
0.00231198	38.3789
0.00224553	38.4033
0.00217522	38.4277
0.00211359	38.4521
0.00206992	38.4766
0.00204079	38.501
0.00201348	38.5254
0.00197893	38.5498
0.00194351	38.5742
0.00192088	38.5986
0.00191695	38.623
0.00192807	38.6475
0.00195072	38.6719
0.00198209	38.6963
0.00202494	38.7207
0.00208808	38.7451
0.00217114	38.7695
0.00225597	38.7939
0.00232179	38.8184
0.00235618	38.8428
0.00235382	38.8672
0.00231821	38.8916
0.0022555	38.916
0.00217487	38.9404
0.00209857	38.9648
0.00203372	38.9893
0.00198616	39.0137
0.00196188	39.0381
0.00195118	39.0625
0.00192583	39.0869
0.00187108	39.1113
0.00178829	39.1357
0.00168585	39.1602
0.00159647	39.1846
0.00153306	39.209
0.00150054	39.2334
0.00150307	39.2578
0.00153041	39.2822
0.00155296	39.3066
0.0015499	39.3311
0.00152869	39.3555
0.00149319	39.3799
0.00143692	39.4043
0.0013495	39.4287
0.00122502	39.4531
0.00108045	39.4775
0.000926234	39.502
0.00079122	39.5264
0.000689107	39.5508
0.000638104	39.5752
0.000646795	39.5996
0.000673032	39.624
0.000705999	39.6484
0.000752031	39.6729
0.000826877	39.6973
0.000923713	39.7217
0.00102389	39.7461
0.00110758	39.7705
0.00116622	39.7949
0.00119727	39.8193
0.00123247	39.8438
0.00127464	39.8682
0.00130722	39.8926
0.00131994	39.917
0.00131695	39.9414
0.00130335	39.9658
0.0012827	39.9902
0.00126399	40.0146
0.00124912	40.0391
0.00123695	40.0635
0.0012267	40.0879
0.00122186	40.1123
0.00121043	40.1367
0.00116613	40.1611
0.00108215	40.1855
0.000981346	40.21
0.000884765	40.2344
0.000798266	40.2588
0.000748186	40.2832
0.000742641	40.3076
0.000764967	40.332
0.000796458	40.3564
0.00081886	40.3809
0.00084833	40.4053
0.00090623	40.4297
0.000996646	40.4541
0.00108229	40.4785
0.00115896	40.5029
0.00124712	40.5273
0.00137596	40.5518
0.0015341	40.5762
0.00170218	40.6006
0.00185758	40.625
0.00199612	40.6494
0.00212788	40.6738
0.00227304	40.6982
0.0024391	40.7227
0.00260626	40.7471
0.00276278	40.7715
0.00290976	40.7959
0.00304891	40.8203
0.00318992	40.8447
0.00335633	40.8691
0.00354442	40.8936
0.00372761	40.918
0.00389335	40.9424
0.00401759	40.9668
0.00410178	40.9912
0.00415747	41.0156
0.00419824	41.04
0.00421627	41.0645
0.00420132	41.0889
0.00415041	41.1133
0.00406491	41.1377
0.00395545	41.1621
0.00384737	41.1865
0.00376839	41.2109
0.00372814	41.2354
0.00372078	41.2598
0.00373574	41.2842
0.00375916	41.3086
0.0037839	41.333
0.00381687	41.3574
0.00386057	41.3818
0.00390788	41.4062
0.00394842	41.4307
0.00396927	41.4551
0.00396941	41.4795
0.00395463	41.5039
0.00392576	41.5283
0.00388593	41.5527
0.00382863	41.5771
0.00374583	41.6016
0.00364282	41.626
0.00352493	41.6504
0.00342569	41.6748
0.00335225	41.6992
0.00330801	41.7236
0.00327568	41.748
0.00325752	41.7725
0.00324551	41.7969
0.00323144	41.8213
0.00321819	41.8457
0.00320354	41.8701
0.00318662	41.8945
0.00315696	41.9189
0.00310644	41.9434
0.0030175	41.9678
0.00290216	41.9922
0.00277751	42.0166
0.00264595	42.041
0.00250222	42.0654
0.00234524	42.0898
0.00216904	42.1143
0.00198671	42.1387
0.00180633	42.1631
0.00166278	42.1875
0.00159813	42.2119
0.0016235	42.2363
0.00171432	42.2607
0.0018263	42.2852
0.00194301	42.3096
0.00205913	42.334
0.0021633	42.3584
0.00225866	42.3828
0.00234141	42.4072
0.00239057	42.4316
0.00240743	42.4561
0.00239276	42.4805
0.0023536	42.5049
0.00231796	42.5293
0.00227894	42.5537
0.00222027	42.5781
0.00213938	42.6025
0.0020505	42.627
0.00198121	42.6514
0.00194256	42.6758
0.00192189	42.7002
0.00189786	42.7246
0.0018651	42.749
0.0018157	42.7734
0.00173269	42.7979
0.00161007	42.8223
0.00148834	42.8467
0.00138984	42.8711
0.00130397	42.8955
0.00123144	42.9199
0.00120005	42.9443
0.00126394	42.9688
0.00140306	42.9932
0.00157784	43.0176
0.00177413	43.042
0.00197688	43.0664
0.00215842	43.0908
0.00229027	43.1152
0.00235281	43.1396
0.00235648	43.1641
0.00230824	43.1885
0.00223509	43.2129
0.00215103	43.2373
0.00205711	43.2617
0.001959	43.2861
0.00187259	43.3105
0.00181601	43.335
0.0017746	43.3594
0.00172091	43.3838
0.00166678	43.4082
0.00163741	43.4326
0.00164808	43.457
0.00168465	43.4814
0.00171189	43.5059
0.00171546	43.5303
0.00170711	43.5547
0.00171214	43.5791
0.00173648	43.6035
0.00175764	43.6279
0.00175746	43.6523
0.00174189	43.6768
0.00171119	43.7012
0.00166339	43.7256
0.00160444	43.75
0.00153075	43.7744
0.00144133	43.7988
0.00135548	43.8232
0.00129566	43.8477
0.00128426	43.8721
0.00132216	43.8965
0.0013914	43.9209
0.00146312	43.9453
0.00151026	43.9697
0.00151672	43.9941
0.00148342	44.0186
0.00141717	44.043
0.00132198	44.0674
0.00121195	44.0918
0.00110353	44.1162
0.00102415	44.1406
0.000994732	44.165
0.00102442	44.1895
0.0011077	44.2139
0.00123228	44.2383
0.00137427	44.2627
0.00152442	44.2871
0.00165578	44.3115
0.00175154	44.3359
0.00181593	44.3604
0.00185657	44.3848
0.00188806	44.4092
0.00190196	44.4336
0.00189206	44.458
0.00187195	44.4824
0.00185504	44.5068
0.00185021	44.5312
0.00186142	44.5557
0.00188916	44.5801
0.00193805	44.6045
0.0020103	44.6289
0.00209282	44.6533
0.00217069	44.6777
0.00224237	44.7021
0.00230477	44.7266
0.00235856	44.751
0.00240826	44.7754
0.00246143	44.7998
0.00252857	44.8242
0.00261221	44.8486
0.00270446	44.873
0.00279758	44.8975
0.00288768	44.9219
0.00296582	44.9463
0.00302328	44.9707
0.00305507	44.9951
0.00305635	45.0195
0.00302749	45.0439
0.00296981	45.0684
0.00290369	45.0928
0.00284319	45.1172
0.00280622	45.1416
0.00279793	45.166
0.00281303	45.1904
0.00283486	45.2148
0.00285664	45.2393
0.00287814	45.2637
0.0029	45.2881
0.00291294	45.3125
0.00293906	45.3369
0.00298145	45.3613
0.0030252	45.3857
0.00307304	45.4102
0.00311352	45.4346
0.00313826	45.459
0.00314608	45.4834
0.00312834	45.5078
0.00309246	45.5322
0.003038	45.5566
0.00295901	45.5811
0.00286399	45.6055
0.00275173	45.6299
0.00261928	45.6543
0.00247135	45.6787
0.00232463	45.7031
0.00217959	45.7275
0.00204991	45.752
0.001953	45.7764
0.00188399	45.8008
0.00184143	45.8252
0.00182183	45.8496
0.00181941	45.874
0.00183401	45.8984
0.00186409	45.9229
0.00190376	45.9473
0.00195074	45.9717
0.00199888	45.9961
0.00203979	46.0205
0.00206902	46.0449
0.00207944	46.0693
0.00206696	46.0938
0.00203553	46.1182
0.00198617	46.1426
0.00193409	46.167
0.00187464	46.1914
0.00181159	46.2158
0.00174989	46.2402
0.00169257	46.2646
0.00165461	46.2891
0.00164284	46.3135
0.00166109	46.3379
0.00170204	46.3623
0.00175185	46.3867
0.00180653	46.4111
0.00187696	46.4355
0.00194255	46.46
0.00197667	46.4844
0.0019949	46.5088
0.0019851	46.5332
0.00195029	46.5576
0.0018939	46.582
0.00180361	46.6064
0.00169254	46.6309
0.00157223	46.6553
0.00146761	46.6797
0.0013838	46.7041
0.00131843	46.7285
0.00126537	46.7529
0.0012138	46.7773
0.00118284	46.8018
0.00116527	46.8262
0.00116365	46.8506
0.00120951	46.875
0.00129733	46.8994
0.00142321	46.9238
0.00155725	46.9482
0.00168368	46.9727
0.0017922	46.9971
0.00188089	47.0215
0.00193287	47.0459
0.00193879	47.0703
0.00190154	47.0947
0.00184115	47.1191
0.00176419	47.1436
0.00167998	47.168
0.00158822	47.1924
0.00147898	47.2168
0.00135834	47.2412
0.00124773	47.2656
0.00116477	47.29
0.00111238	47.3145
0.00107981	47.3389
0.0010645	47.3633
0.00106594	47.3877
0.00106866	47.4121
0.00106076	47.4365
0.00103707	47.4609
0.000993294	47.4854
0.000928606	47.5098
0.000843364	47.5342
0.000738146	47.5586
0.000623834	47.583
0.000518203	47.6074
0.000435682	47.6318
0.000386377	47.6562
0.000380906	47.6807
0.000465353	47.7051
0.000627313	47.7295
0.00080795	47.7539
0.000975117	47.7783
0.00111729	47.8027
0.00126709	47.8271
0.00142347	47.8516
0.00156627	47.876
0.00168442	47.9004
0.00178324	47.9248
0.00188269	47.9492
0.00197951	47.9736
0.00206681	47.998
0.00213253	48.0225
0.00217447	48.0469
0.00219781	48.0713
0.0021981	48.0957
0.00217321	48.1201
0.00213329	48.1445
0.00209209	48.1689
0.00205796	48.1934
0.00204026	48.2178
0.00204131	48.2422
0.0020553	48.2666
0.00208727	48.291
0.00213181	48.3154
0.00217234	48.3398
0.00219312	48.3643
0.00218188	48.3887
0.00213849	48.4131
0.00207322	48.4375
0.0020005	48.4619
0.00193077	48.4863
0.00186416	48.5107
0.00180421	48.5352
0.00175165	48.5596
0.0017012	48.584
0.00164874	48.6084
0.0015958	48.6328
0.00153776	48.6572
0.00147138	48.6816
0.00139952	48.7061
0.0013128	48.7305
0.00121212	48.7549
0.00109614	48.7793
0.000973134	48.8037
0.000848503	48.8281
0.000713112	48.8525
0.000574101	48.877
0.000436297	48.9014
0.000311038	48.9258
0.000212674	48.9502
0.000161697	48.9746
0.000183104	48.999
0.000241189	49.0234
0.000309313	49.0479
0.000364535	49.0723
0.000399191	49.0967
0.000419858	49.1211
0.000421134	49.1455
0.000410815	49.1699
0.000386926	49.1943
0.000355355	49.2188
0.000325219	49.2432
0.000292071	49.2676
0.00025171	49.292
0.000217528	49.3164
0.000190076	49.3408
0.000176651	49.3652
0.000182457	49.3896
0.000204885	49.4141
0.000242323	49.4385
0.000292658	49.4629
0.000359637	49.4873
0.000434522	49.5117
0.000501541	49.5361
0.000557475	49.5605
0.000595226	49.585
0.000621068	49.6094
0.000644148	49.6338
0.000677645	49.6582
0.000710751	49.6826
0.000732284	49.707
0.000744498	49.7314
0.000744308	49.7559
0.000729022	49.7803
0.000701214	49.8047
0.000666273	49.8291
0.000640028	49.8535
0.000641415	49.8779
0.000667586	49.9023
0.000700806	49.9268
0.000735912	49.9512
0.000773548	49.9756
