0	0
1.85166e-08	0.01
3.02437e-07	0.02
4.6571e-06	0.03
7.21892e-06	0.04
-3.21333e-05	0.05
-1.10293e-05	0.06
-2.37667e-05	0.07
-7.50996e-05	0.08
2.38499e-05	0.09
8.88504e-05	0.1
0.000181023	0.11
0.000174441	0.12
-0.00014146	0.13
-0.000272153	0.14
-0.000505105	0.15
-0.000290919	0.16
0.000297568	0.17
0.000704508	0.18
0.000904107	0.19
0.000649952	0.2
-0.000599235	0.21
-0.00078411	0.22
-0.000643922	0.23
-0.000991563	0.24
-0.000688705	0.25
0.00116212	0.26
0.00163808	0.27
0.000307016	0.28
-0.000109272	0.29
0.000106844	0.3
0.000396498	0.31
-0.000186203	0.32
-0.00204453	0.33
-0.0016771	0.34
0.000479597	0.35
0.00133786	0.36
0.0017694	0.37
0.00105879	0.38
-0.00070544	0.39
-0.000667601	0.4
-0.000854077	0.41
-0.000624917	0.42
-3.09578e-05	0.43
9.30584e-05	0.44
0.00127184	0.45
0.000277249	0.46
-0.000117785	0.47
2.52315e-05	0.48
0.000219039	0.49
-5.1779e-05	0.5
-0.000622042	0.51
-0.00127438	0.52
-0.0018306	0.53
0.000735094	0.54
0.00310651	0.55
0.00164911	0.56
-0.00103348	0.57
-0.0011349	0.58
-0.00156658	0.59
0.000326295	0.6
0.000687978	0.61
0.0012646	0.62
-0.00151884	0.63
8.14543e-05	0.64
-0.000294748	0.65
0.000225053	0.66
0.000796664	0.67
0.000924938	0.68
0.00111813	0.69
-0.00137443	0.7
-0.00205916	0.71
-0.00133565	0.72
0.000543491	0.73
0.00288679	0.74
0.00114998	0.75
0.000467245	0.76
-0.000764608	0.77
-0.00238581	0.78
-0.00161109	0.79
-0.00115617	0.8
0.00120764	0.81
0.00229772	0.82
0.00287292	0.83
0.000322973	0.84
-0.00220402	0.85
-0.00304615	0.86
-0.000732788	0.87
0.00167687	0.88
0.00277239	0.89
-0.000417896	0.9
-0.00155106	0.91
-0.00139758	0.92
0.00169049	0.93
-8.58664e-05	0.94
-8.95585e-05	0.95
0.000933806	0.96
-2.69169e-05	0.97
0.000660674	0.98
-0.000752797	0.99
-0.00237691	1
-0.000245071	1.01
0.00122046	1.02
0.000416995	1.03
0.0011832	1.04
0.000857254	1.05
-0.000312791	1.06
-0.000979285	1.07
0.000878316	1.08
-0.0008389	1.09
-0.00211891	1.1
-0.00159816	1.11
0.00221182	1.12
0.00193597	1.13
0.000762508	1.14
-0.00071114	1.15
-0.000964838	1.16
-0.00044923	1.17
0.00272787	1.18
0.000235687	1.19
-0.00050151	1.2
-0.00200874	1.21
-0.00176127	1.22
-0.00263276	1.23
-0.000153149	1.24
0.00397218	1.25
0.00481779	1.26
0.00149323	1.27
-0.000645278	1.28
-0.00173794	1.29
-0.0042827	1.3
-0.00459884	1.31
-0.00407602	1.32
0.00505502	1.33
0.00644111	1.34
0.00483793	1.35
-0.000555388	1.36
-0.000818708	1.37
-0.00595546	1.38
-0.005147	1.39
0.000505251	1.4
0.00376004	1.41
0.00287124	1.42
0.00217771	1.43
-0.000479957	1.44
0.000321297	1.45
-0.00416316	1.46
-0.00149415	1.47
0.000584623	1.48
0.000988898	1.49
0.00363419	1.5
-0.000892172	1.51
-0.000372879	1.52
-0.000107436	1.53
-0.00266754	1.54
-0.000233307	1.55
-0.00136631	1.56
0.00105136	1.57
0.00220756	1.58
0.00376301	1.59
0.0021992	1.6
-0.00275019	1.61
-0.00519767	1.62
-0.00170152	1.63
0.000986858	1.64
0.0033193	1.65
0.000748517	1.66
-0.00160063	1.67
-0.00177799	1.68
-0.000132928	1.69
-0.000248968	1.7
0.00423225	1.71
0.00421651	1.72
-0.000881901	1.73
-0.00454929	1.74
-0.00682492	1.75
-0.00170873	1.76
0.00507228	1.77
0.00439763	1.78
0.00159457	1.79
0.000275233	1.8
-0.00164199	1.81
-0.00275216	1.82
-0.00187766	1.83
1.24355e-05	1.84
0.0041876	1.85
0.00198563	1.86
0.00114741	1.87
-0.00446208	1.88
-0.00575998	1.89
-0.00139717	1.9
0.00382821	1.91
0.00777829	1.92
0.00343464	1.93
1.12503e-06	1.94
-0.00759949	1.95
-0.00837798	1.96
0.000105742	1.97
0.00553444	1.98
0.00673926	1.99
0.00355985	2
-0.00329608	2.01
-0.00351297	2.02
-0.00370297	2.03
-0.00392647	2.04
3.57046e-05	2.05
0.00271321	2.06
0.00519657	2.07
0.00625453	2.08
0.000258413	2.09
-0.00494927	2.1
-0.00738372	2.11
0.0018766	2.12
0.00366021	2.13
0.00255809	2.14
0.000199224	2.15
-0.00474218	2.16
-0.0057944	2.17
0.00421638	2.18
0.00169401	2.19
0.0020048	2.2
0.0024082	2.21
-0.00242093	2.22
-0.00394536	2.23
-0.0034044	2.24
0.00460617	2.25
0.00527971	2.26
0.00262363	2.27
-0.00532373	2.28
-0.00511556	2.29
0.00235752	2.3
0.0043433	2.31
0.000465108	2.32
0.00162778	2.33
-3.78529e-05	2.34
-0.0067794	2.35
-0.00461874	2.36
0.00423272	2.37
0.00749917	2.38
-0.00164885	2.39
-0.00052329	2.4
-0.00431622	2.41
-0.00088414	2.42
-0.000682339	2.43
-0.00151472	2.44
0.00336165	2.45
0.00147161	2.46
0.00489301	2.47
0.000968091	2.48
-0.00239317	2.49
-0.002057	2.5
-0.00351049	2.51
-0.00102252	2.52
0.00107938	2.53
-5.24964e-05	2.54
0.00105139	2.55
0.00116579	2.56
0.00275424	2.57
-0.00285319	2.58
-0.00105901	2.59
-0.00196961	2.6
0.00346469	2.61
0.00148114	2.62
0.00342235	2.63
-0.00132282	2.64
-0.00465633	2.65
-0.00295324	2.66
-0.000301582	2.67
0.00379961	2.68
0.00411009	2.69
0.000333887	2.7
-0.00224761	2.71
-0.00493937	2.72
-0.00423191	2.73
0.00109459	2.74
0.00538004	2.75
0.00411658	2.76
0.00421792	2.77
0.000323478	2.78
-0.00357159	2.79
-0.00540352	2.8
-0.00517635	2.81
-0.000564645	2.82
0.00548304	2.83
0.00830128	2.84
0.00186544	2.85
-0.00386044	2.86
-0.0077252	2.87
-0.00552531	2.88
0.000620027	2.89
0.00281643	2.9
0.00335164	2.91
0.00320125	2.92
0.00324635	2.93
0.000307597	2.94
-0.00254627	2.95
-0.00334603	2.96
-0.000287817	2.97
0.00116509	2.98
-0.000300923	2.99
0.000749643	3
0.000952995	3.01
-0.000653501	3.02
-0.00196226	3.03
-0.0026835	3.04
0.000953857	3.05
0.00528897	3.06
0.0012417	3.07
0.000221814	3.08
0.000118018	3.09
-0.00255678	3.1
-0.00524872	3.11
-0.00390581	3.12
0.00100805	3.13
0.00628088	3.14
0.00597639	3.15
-0.000366634	3.16
-0.00517231	3.17
-0.00418388	3.18
-0.000726009	3.19
0.00524714	3.2
0.00499986	3.21
0.00225176	3.22
-0.00315114	3.23
-0.00577211	3.24
-0.00344087	3.25
-0.000600852	3.26
0.00540142	3.27
0.00459337	3.28
-0.0002149	3.29
-0.00477025	3.3
-0.00325101	3.31
-0.00152205	3.32
0.00133384	3.33
0.00445904	3.34
0.00431449	3.35
0.00209432	3.36
-0.00133196	3.37
-0.00408692	3.38
-0.00323622	3.39
-0.00264973	3.4
0.000405656	3.41
0.00331565	3.42
0.00196033	3.43
-0.00189157	3.44
0.00025875	3.45
0.000723187	3.46
0.00146234	3.47
-0.00210155	3.48
-0.00226057	3.49
0.00116218	3.5
0.00170883	3.51
0.00514179	3.52
0.00150717	3.53
-0.00113734	3.54
-0.00666028	3.55
-0.00515789	3.56
-0.00266737	3.57
0.000537614	3.58
0.00575237	3.59
0.00648768	3.6
0.00301731	3.61
-0.000821732	3.62
-0.00275807	3.63
-0.00434152	3.64
-0.00203635	3.65
0.0018194	3.66
0.00156306	3.67
-2.2038e-05	3.68
-0.00129299	3.69
-0.00111873	3.7
-0.00151095	3.71
0.00125492	3.72
0.00160101	3.73
0.00195924	3.74
0.00192334	3.75
0.00160845	3.76
0.00225431	3.77
-0.00154736	3.78
-0.00392693	3.79
-0.00228454	3.8
-0.00123972	3.81
0.000239945	3.82
6.83811e-05	3.83
-0.00124309	3.84
-0.000663829	3.85
0.0013197	3.86
0.0024326	3.87
-0.00114427	3.88
-0.000760741	3.89
0.000321152	3.9
0.00189912	3.91
0.000651156	3.92
0.0011004	3.93
0.000246639	3.94
-0.00103755	3.95
-0.00317226	3.96
-0.00286087	3.97
0.00295719	3.98
0.00254747	3.99
0.00130695	4
-0.000359102	4.01
-0.0029214	4.02
-0.00151883	4.03
0.000883731	4.04
0.00209907	4.05
0.0011425	4.06
0.000303157	4.07
-0.00053262	4.08
0.000520379	4.09
0.00162795	4.1
5.74776e-05	4.11
-0.000883161	4.12
-0.0010391	4.13
-0.00197533	4.14
-0.00195646	4.15
0.000472457	4.16
-0.00172723	4.17
0.000957364	4.18
0.00194701	4.19
0.00111849	4.2
0.000861651	4.21
0.00270501	4.22
0.00166006	4.23
-0.000546402	4.24
-0.00317059	4.25
-0.00394737	4.26
-0.00142113	4.27
-5.88172e-05	4.28
0.000769177	4.29
0.00212933	4.3
0.00192669	4.31
0.00154303	4.32
-0.000640153	4.33
-0.00115075	4.34
-0.00171601	4.35
0.0016359	4.36
0.000326175	4.37
0.00107487	4.38
0.00111703	4.39
-0.00180447	4.4
-0.00288976	4.41
-0.00245976	4.42
-0.000974897	4.43
0.00165987	4.44
0.00199581	4.45
0.000804034	4.46
0.000885241	4.47
-0.00121556	4.48
-0.000560585	4.49
0.00065504	4.5
0.00263401	4.51
0.00210572	4.52
2.7512e-05	4.53
-0.000114622	4.54
-0.000638958	4.55
-0.00173516	4.56
-0.00121538	4.57
-0.000940802	4.58
0.000650025	4.59
0.000731249	4.6
-0.000196264	4.61
0.000564452	4.62
0.0015137	4.63
-0.000484391	4.64
-0.00298866	4.65
-0.00192338	4.66
-0.00101151	4.67
0.00196891	4.68
0.00305348	4.69
0.00291543	4.7
0.000362832	4.71
-5.77696e-05	4.72
-0.00314247	4.73
-0.00398983	4.74
-0.00210992	4.75
-0.00190204	4.76
-0.000279553	4.77
0.00222026	4.78
0.00316305	4.79
0.0041062	4.8
0.0026842	4.81
-0.000386957	4.82
-0.000202359	4.83
0.000239241	4.84
-0.00150389	4.85
-0.00203388	4.86
-0.00198949	4.87
-0.00138984	4.88
-0.000499174	4.89
-0.00151303	4.9
-0.000624234	4.91
0.00227048	4.92
0.00301544	4.93
0.00184505	4.94
0.000731066	4.95
-0.00101345	4.96
-0.00214398	4.97
-0.000864756	4.98
-0.00144976	4.99
0.000971256	5
0.000627634	5.01
0.000118135	5.02
0.0013763	5.03
0.0011404	5.04
0.000626074	5.05
-0.000237764	5.06
-0.00212658	5.07
-0.00229473	5.08
-4.15308e-05	5.09
0.00196675	5.1
0.00265336	5.11
0.00239987	5.12
0.0020465	5.13
0.00115277	5.14
-0.0016611	5.15
-0.00384275	5.16
-0.00406041	5.17
-0.00236402	5.18
-0.000521242	5.19
0.00085293	5.2
0.0029679	5.21
0.000196798	5.22
-0.001883	5.23
-0.00118273	5.24
-0.000708701	5.25
0.000791153	5.26
0.00364142	5.27
0.00414748	5.28
0.00223727	5.29
-0.000891083	5.3
-0.00326749	5.31
-0.00282337	5.32
-0.000714274	5.33
-0.000870075	5.34
7.08603e-05	5.35
0.00166738	5.36
0.00198506	5.37
0.00220573	5.38
0.000553227	5.39
-0.000558584	5.4
-0.00215461	5.41
-0.00247753	5.42
0.000117123	5.43
0.00240973	5.44
0.00153235	5.45
-0.000211712	5.46
-0.00158606	5.47
-0.0025113	5.48
-0.00258259	5.49
-0.00130386	5.5
0.00262882	5.51
0.00406522	5.52
0.00279942	5.53
-0.000804683	5.54
-0.002461	5.55
-0.00182513	5.56
0.00132648	5.57
0.00207392	5.58
0.00168182	5.59
-0.000353034	5.6
-0.00133594	5.61
-0.000776453	5.62
-0.00109819	5.63
-0.00115475	5.64
-0.00026848	5.65
-0.00119467	5.66
-0.00103919	5.67
-0.00204783	5.68
-0.00175657	5.69
0.000642377	5.7
0.000795049	5.71
0.00131843	5.72
0.00419073	5.73
0.00494409	5.74
0.00461623	5.75
0.00115004	5.76
-0.0011369	5.77
-0.00221151	5.78
-0.00279399	5.79
-0.00448087	5.8
-0.00249932	5.81
-0.000322031	5.82
0.000260991	5.83
-0.000397894	5.84
-0.00141745	5.85
-0.00257394	5.86
-0.000581756	5.87
0.00306193	5.88
0.00568706	5.89
0.00766729	5.9
0.00465351	5.91
-0.00133023	5.92
-0.00351946	5.93
-0.00613729	5.94
-0.00565101	5.95
-0.00235165	5.96
0.000687905	5.97
0.000771674	5.98
-0.000827373	5.99
-0.00154928	6
-0.00164549	6.01
-0.000235049	6.02
0.00260649	6.03
0.00314261	6.04
0.00251657	6.05
0.000270682	6.06
0.000601183	6.07
0.000824906	6.08
0.0025236	6.09
0.00305909	6.1
0.00204719	6.11
0.000314571	6.12
-0.000459341	6.13
-0.000632403	6.14
-0.00167402	6.15
-0.00255596	6.16
-0.00344129	6.17
-0.00328133	6.18
-0.0015951	6.19
-0.00138722	6.2
-0.00131386	6.21
-0.000178055	6.22
0.00118311	6.23
0.00124179	6.24
0.000657937	6.25
0.00076955	6.26
0.00131591	6.27
0.00212409	6.28
0.00159459	6.29
9.30578e-05	6.3
-0.000485512	6.31
-0.00123925	6.32
0.000243815	6.33
0.00104889	6.34
0.00096695	6.35
3.56052e-05	6.36
-0.00183746	6.37
-0.000778464	6.38
0.00104247	6.39
0.00249438	6.4
0.00217896	6.41
-0.000873314	6.42
-0.00158514	6.43
-0.00410529	6.44
-0.00262573	6.45
-0.000780212	6.46
-0.000368166	6.47
0.000409525	6.48
-0.000267691	6.49
0.00111371	6.5
0.0013837	6.51
0.000297576	6.52
0.000923484	6.53
0.000781432	6.54
0.0023842	6.55
0.00291098	6.56
0.00266012	6.57
-3.47009e-05	6.58
-0.00303935	6.59
-0.00372815	6.6
-0.00398808	6.61
-0.00163916	6.62
0.00202804	6.63
0.00259807	6.64
0.00299587	6.65
0.00283475	6.66
-0.00019707	6.67
-0.00247788	6.68
-0.00278401	6.69
-0.00128297	6.7
-1.18126e-05	6.71
0.000437989	6.72
0.000221063	6.73
-0.00081951	6.74
-0.000979604	6.75
-0.000218283	6.76
0.000312239	6.77
0.00171547	6.78
0.00172963	6.79
0.0019507	6.8
0.000123897	6.81
0.000167514	6.82
-0.00203369	6.83
-0.0031091	6.84
-0.00340163	6.85
-0.00160146	6.86
0.000632435	6.87
0.00203594	6.88
0.00267689	6.89
0.00357103	6.9
0.00226793	6.91
0.00181967	6.92
0.000186661	6.93
-0.000895575	6.94
-0.000755358	6.95
-0.000964812	6.96
-0.00111031	6.97
-0.00106929	6.98
-9.01557e-05	6.99
-0.000785794	7
-0.00113512	7.01
-0.00114602	7.02
-2.80976e-05	7.03
0.000531633	7.04
0.00025038	7.05
-0.000163878	7.06
0.000487512	7.07
-2.49346e-05	7.08
0.000549892	7.09
0.000216789	7.1
-0.000145983	7.11
-0.000123764	7.12
0.000344185	7.13
0.00118112	7.14
-0.00104771	7.15
-0.00273976	7.16
-0.00257036	7.17
-0.000688568	7.18
0.000178631	7.19
0.00115436	7.2
0.00121983	7.21
0.00196652	7.22
0.00138912	7.23
0.00158504	7.24
0.00117775	7.25
0.00179471	7.26
0.000724924	7.27
-0.000804679	7.28
-0.00237815	7.29
-0.00142138	7.3
-0.000665122	7.31
-0.0014774	7.32
-6.14637e-05	7.33
0.000406975	7.34
0.000827586	7.35
0.00118303	7.36
0.00175465	7.37
0.000222881	7.38
-0.000307734	7.39
0.000480819	7.4
0.000973476	7.41
7.2301e-05	7.42
-0.0013771	7.43
-0.00311535	7.44
-0.00378279	7.45
-0.00255012	7.46
-0.00219549	7.47
-0.00149617	7.48
0.0022717	7.49
0.00483614	7.5
0.00722243	7.51
0.00546584	7.52
0.00127159	7.53
-0.00160628	7.54
-0.00361553	7.55
-0.00323468	7.56
-0.00244431	7.57
-0.000823195	7.58
-0.000383097	7.59
-0.000826905	7.6
-0.00265603	7.61
-0.00243099	7.62
-0.00185256	7.63
-0.000856826	7.64
0.00108298	7.65
0.00362993	7.66
0.00522666	7.67
0.00547406	7.68
0.0050065	7.69
0.00159973	7.7
-0.00166308	7.71
-0.00278465	7.72
-0.00324042	7.73
-0.00134197	7.74
-0.00072514	7.75
-0.000452207	7.76
-0.00172731	7.77
-0.0033746	7.78
-0.0034223	7.79
-0.00107914	7.8
0.00291241	7.81
0.00434221	7.82
0.00420513	7.83
0.00303016	7.84
7.76982e-05	7.85
-0.00311446	7.86
-0.00392763	7.87
-0.00268026	7.88
-0.000592411	7.89
0.00100638	7.9
0.00165298	7.91
0.00109124	7.92
0.000768502	7.93
0.000124704	7.94
-0.000224015	7.95
-0.000525067	7.96
0.000619773	7.97
0.00103921	7.98
0.000889806	7.99
0.000393271	8
-0.000939156	8.01
-0.0016558	8.02
-0.000480038	8.03
0.00010255	8.04
-0.000693068	8.05
-0.00157142	8.06
-0.000971694	8.07
0.00030749	8.08
0.000612489	8.09
0.00022723	8.1
0.000818779	8.11
0.000504076	8.12
0.00154284	8.13
0.00148543	8.14
0.00062274	8.15
-0.000568336	8.16
-0.0022747	8.17
-0.00164673	8.18
-0.00016978	8.19
0.00141952	8.2
0.00260455	8.21
0.00171178	8.22
-0.000826242	8.23
-0.00149241	8.24
-0.000865673	8.25
-0.00110489	8.26
-0.00083788	8.27
-0.000946723	8.28
-0.000803043	8.29
-0.000871078	8.3
0.000139406	8.31
0.0015501	8.32
0.00239181	8.33
0.00298474	8.34
0.00278682	8.35
0.0007696	8.36
-0.00143511	8.37
-0.00203259	8.38
-0.00125516	8.39
-0.00125823	8.4
-0.000358332	8.41
-0.00114952	8.42
-0.000146521	8.43
0.000251977	8.44
2.9367e-06	8.45
-0.000174262	8.46
-8.49522e-05	8.47
0.000490095	8.48
0.000408431	8.49
4.16359e-05	8.5
-0.00164255	8.51
-0.00203874	8.52
-0.0019908	8.53
-0.00145058	8.54
-0.000539731	8.55
0.00107703	8.56
0.00269142	8.57
0.0032758	8.58
0.00297808	8.59
0.00366451	8.6
0.00175706	8.61
0.00145014	8.62
-0.000338457	8.63
-0.0012229	8.64
-0.00252106	8.65
-0.0030919	8.66
-0.00296786	8.67
-0.00156867	8.68
-0.000112228	8.69
0.00132379	8.7
0.00337802	8.71
0.00248216	8.72
0.00108964	8.73
-0.00122831	8.74
-0.00166984	8.75
-0.00265372	8.76
-0.00316651	8.77
-0.00333764	8.78
-0.000114833	8.79
0.00157759	8.8
0.00170102	8.81
0.00163493	8.82
0.00129591	8.83
0.000635775	8.84
0.000878876	8.85
-0.000452705	8.86
-0.000214096	8.87
-0.00014436	8.88
0.000241166	8.89
0.000156953	8.9
-0.00113975	8.91
-0.000270489	8.92
0.00116655	8.93
0.00144804	8.94
0.000183484	8.95
-0.000140122	8.96
-0.000952	8.97
-0.00195882	8.98
-0.00327836	8.99
-0.00207075	9
0.000552589	9.01
0.00357494	9.02
0.00439543	9.03
0.00364911	9.04
0.000753706	9.05
-0.00204334	9.06
-0.00292501	9.07
-0.00207825	9.08
-0.00107812	9.09
-0.000416763	9.1
0.0011359	9.11
0.00191462	9.12
0.001589	9.13
0.000722363	9.14
0.000456312	9.15
-0.000885479	9.16
-0.000958843	9.17
-0.000751734	9.18
-0.00124432	9.19
-0.00119086	9.2
-0.00140877	9.21
-0.000914708	9.22
-0.000567132	9.23
4.34371e-05	9.24
0.00183437	9.25
0.00304264	9.26
0.00352144	9.27
0.00219229	9.28
0.000297018	9.29
-0.00229579	9.3
-0.00440408	9.31
-0.00447819	9.32
-0.00321625	9.33
-0.000549586	9.34
0.00118143	9.35
0.00181796	9.36
0.00183338	9.37
0.00194926	9.38
0.00109321	9.39
0.00049945	9.4
0.000706387	9.41
0.00076556	9.42
0.00175353	9.43
0.00232901	9.44
0.000606359	9.45
-0.000592925	9.46
-0.00144576	9.47
-0.00125754	9.48
-0.00165271	9.49
-0.000814539	9.5
0.000382169	9.51
0.000728721	9.52
-2.47282e-05	9.53
-0.000878337	9.54
-0.00131394	9.55
-0.00123437	9.56
-0.000676599	9.57
0.000348825	9.58
0.00181974	9.59
0.00219701	9.6
0.00106082	9.61
9.61849e-05	9.62
-0.00120327	9.63
-0.00215993	9.64
-0.00132333	9.65
8.53488e-05	9.66
0.000883441	9.67
0.000785415	9.68
0.000413776	9.69
-0.00042251	9.7
-0.00094489	9.71
-0.000149025	9.72
-0.00013655	9.73
0.000882238	9.74
0.00132247	9.75
0.00131671	9.76
-9.473e-05	9.77
-0.00151313	9.78
-0.00155544	9.79
-0.00106364	9.8
0.000439402	9.81
0.00147767	9.82
0.00194923	9.83
0.00130729	9.84
-0.00028965	9.85
-0.00108968	9.86
-0.00109892	9.87
-0.000445996	9.88
-3.02966e-05	9.89
-3.9583e-05	9.9
-0.000321289	9.91
-0.000263353	9.92
-9.91051e-05	9.93
0.000150877	9.94
0.000475719	9.95
0.000889965	9.96
0.000488427	9.97
-0.000589981	9.98
-0.00123155	9.99
-0.00153679	10
-0.00113511	10.01
-0.000547253	10.02
-0.000162687	10.03
0.00076249	10.04
0.00147788	10.05
0.00198703	10.06
0.00142638	10.07
0.000861573	10.08
-3.42583e-05	10.09
-0.00081811	10.1
-0.00143829	10.11
-0.000931864	10.12
-0.000497943	10.13
0.000524451	10.14
5.48505e-05	10.15
-0.00025376	10.16
-0.000290518	10.17
-0.000231674	10.18
0.00029391	10.19
0.000668258	10.2
0.00100034	10.21
0.0008499	10.22
0.000792332	10.23
0.000411893	10.24
-0.0001389	10.25
5.58472e-05	10.26
0.000649644	10.27
0.000235721	10.28
-0.000642276	10.29
-0.00112031	10.3
-0.00143394	10.31
-0.00120416	10.32
-0.00115643	10.33
-0.000795726	10.34
-0.000331846	10.35
0.000194604	10.36
0.000924228	10.37
0.00116258	10.38
0.00116043	10.39
0.00137181	10.4
0.00114657	10.41
0.0007199	10.42
-0.000723076	10.43
-0.00113161	10.44
-0.00163028	10.45
-0.00103373	10.46
-0.000929627	10.47
6.27312e-05	10.48
0.000469741	10.49
0.0010526	10.5
0.000686025	10.51
-0.000118832	10.52
-0.000218417	10.53
0.00084161	10.54
0.0020159	10.55
0.00181103	10.56
0.00033701	10.57
-0.00124834	10.58
-0.00287611	10.59
-0.00311945	10.6
-0.00186319	10.61
6.77151e-05	10.62
0.00175041	10.63
0.00246948	10.64
0.00230114	10.65
0.000950449	10.66
-0.000158379	10.67
-0.000700832	10.68
0.000138676	10.69
0.000504869	10.7
0.000506818	10.71
-0.00043685	10.72
-0.00149095	10.73
-0.00282085	10.74
-0.00338584	10.75
-0.00220208	10.76
-0.000379212	10.77
0.002088	10.78
0.00343502	10.79
0.00304211	10.8
0.00204912	10.81
0.000320446	10.82
-0.00129815	10.83
-0.001759	10.84
-0.00123166	10.85
0.000417465	10.86
0.00150561	10.87
0.000976258	10.88
-0.000556907	10.89
-0.0017555	10.9
-0.00185861	10.91
-0.00116926	10.92
0.000365136	10.93
0.00135889	10.94
0.00228054	10.95
0.00169882	10.96
0.000675182	10.97
-0.000557419	10.98
-0.00114858	10.99
-0.00113776	11
-0.000800978	11.01
-0.000593178	11.02
-0.000327651	11.03
0.000264111	11.04
0.000691145	11.05
0.000342016	11.06
0.00043679	11.07
0.000113581	11.08
0.000124641	11.09
-3.97883e-05	11.1
0.0002863	11.11
0.000883977	11.12
0.000454137	11.13
-0.000358493	11.14
-0.0014449	11.15
-0.00163281	11.16
-0.00121618	11.17
9.0904e-05	11.18
0.00102236	11.19
0.00125564	11.2
0.00116684	11.21
0.000548892	11.22
-0.000316524	11.23
-0.00100117	11.24
-0.000737513	11.25
4.03053e-05	11.26
0.000682173	11.27
0.000681037	11.28
0.000312835	11.29
6.34966e-05	11.3
7.47702e-06	11.31
-8.08892e-05	11.32
-0.000124068	11.33
-0.000386565	11.34
-0.000369167	11.35
-0.000431464	11.36
-0.000321003	11.37
-0.000297183	11.38
-0.000107708	11.39
-0.000297755	11.4
-0.000106582	11.41
-0.000145876	11.42
0.000344332	11.43
0.00119745	11.44
0.00157033	11.45
0.000943954	11.46
-7.53038e-05	11.47
-0.000580287	11.48
-0.000828576	11.49
-0.000820126	11.5
-0.000572029	11.51
-0.000372868	11.52
-0.00040311	11.53
-0.000736847	11.54
-0.000684624	11.55
3.80318e-05	11.56
0.00100681	11.57
0.00195983	11.58
0.00165371	11.59
0.00107238	11.6
-1.28616e-05	11.61
-0.000942721	11.62
-0.00178876	11.63
-0.001239	11.64
-0.000395678	11.65
0.000370963	11.66
0.000588831	11.67
-9.04628e-06	11.68
-0.000454538	11.69
-0.000544445	11.7
0.000206396	11.71
0.000831426	11.72
0.00136859	11.73
0.00123165	11.74
0.000703952	11.75
-0.000504919	11.76
-0.00129997	11.77
-0.00173496	11.78
-0.00133063	11.79
-0.000297697	11.8
0.000634574	11.81
0.00122425	11.82
0.000986287	11.83
0.00058974	11.84
-0.000408375	11.85
-0.000783093	11.86
-0.000781877	11.87
-3.18892e-05	11.88
0.00081698	11.89
0.00128047	11.9
0.000462553	11.91
-0.000419384	11.92
-0.000996159	11.93
-0.00115001	11.94
-0.00110741	11.95
-7.92427e-05	11.96
0.000950804	11.97
0.00175094	11.98
0.00158746	11.99
0.000462219	12
-0.000598292	12.01
-0.00075776	12.02
-0.000856363	12.03
-0.000813594	12.04
-0.000537162	12.05
0.000230866	12.06
0.000721676	12.07
0.000265017	12.08
-0.000440515	12.09
-0.000692614	12.1
-0.000134482	12.11
0.000337562	12.12
0.000757835	12.13
0.000329411	12.14
0.000141313	12.15
-0.000260759	12.16
-0.000504468	12.17
-0.00039195	12.18
-0.000293581	12.19
5.64106e-05	12.2
0.000327399	12.21
0.000119502	12.22
0.000233456	12.23
0.000545808	12.24
0.000584005	12.25
0.000741352	12.26
-0.000191383	12.27
-0.0008101	12.28
-0.00115149	12.29
-0.000768648	12.3
7.52497e-05	12.31
0.000563748	12.32
0.00102921	12.33
0.000827091	12.34
-0.000156362	12.35
-0.00109423	12.36
-0.00124766	12.37
-0.000207762	12.38
0.000678238	12.39
0.00114727	12.4
0.00122004	12.41
-2.77889e-05	12.42
-0.000780151	12.43
-0.00105046	12.44
-0.0012901	12.45
-0.00044242	12.46
0.000846313	12.47
0.00159363	12.48
0.00130919	12.49
0.000339546	12.5
-0.000697137	12.51
-0.000978349	12.52
-0.001039	12.53
-0.000499296	12.54
0.000133104	12.55
0.000764366	12.56
0.000728343	12.57
0.000128017	12.58
-0.000609499	12.59
-0.000600033	12.6
-0.000300721	12.61
0.000565871	12.62
0.000931592	12.63
0.000821601	12.64
0.000570397	12.65
-6.88221e-05	12.66
-0.00123469	12.67
-0.00130628	12.68
-0.00126258	12.69
-8.68115e-05	12.7
0.000853229	12.71
0.00137098	12.72
0.00108853	12.73
0.000311899	12.74
-0.00050747	12.75
-0.00087073	12.76
-0.000566831	12.77
-7.42752e-06	12.78
0.000649041	12.79
0.000637533	12.8
0.000201674	12.81
-0.00067244	12.82
-0.0010256	12.83
-0.00101198	12.84
-0.000400468	12.85
0.000336672	12.86
0.0011606	12.87
0.00101493	12.88
0.000427024	12.89
-0.00031652	12.9
-0.000268693	12.91
4.98186e-05	12.92
0.000597879	12.93
0.000855969	12.94
0.000247053	12.95
-0.000443805	12.96
-0.000959422	12.97
-0.00113574	12.98
-0.000842213	12.99
-0.000295254	13
0.000368361	13.01
0.000881001	13.02
0.000438015	13.03
0.00030059	13.04
-0.000266031	13.05
-0.000407865	13.06
-0.000254433	13.07
7.52372e-05	13.08
0.000325963	13.09
0.000427588	13.1
0.000485228	13.11
0.000139744	13.12
-0.000211036	13.13
-0.000832748	13.14
-0.000643932	13.15
7.27691e-05	13.16
0.000751498	13.17
0.00111256	13.18
0.000585841	13.19
0.000119348	13.2
-0.000672474	13.21
-0.001138	13.22
-0.000674314	13.23
-7.00876e-05	13.24
0.00044616	13.25
0.000486792	13.26
0.00014284	13.27
-0.000174225	13.28
-0.000585813	13.29
-0.000349193	13.3
6.81049e-05	13.31
0.000348043	13.32
0.000521865	13.33
0.000150812	13.34
-7.03128e-05	13.35
-4.03475e-05	13.36
-0.000160413	13.37
-0.000136747	13.38
-9.76187e-05	13.39
-0.000157259	13.4
0.000400007	13.41
0.000816598	13.42
0.00096109	13.43
0.000548589	13.44
-0.000360682	13.45
-0.00105948	13.46
-0.00146228	13.47
-0.00107844	13.48
-0.000426403	13.49
0.000386511	13.5
0.00104887	13.51
0.000617346	13.52
0.000124544	13.53
-0.000173088	13.54
9.70206e-05	13.55
0.000138323	13.56
0.000265414	13.57
0.000487064	13.58
0.000463257	13.59
0.000122689	13.6
-0.000370525	13.61
-0.00070097	13.62
-0.000746099	13.63
-0.000762235	13.64
-0.000458242	13.65
0.000181445	13.66
0.000716057	13.67
0.00084051	13.68
0.000535875	13.69
-9.80416e-05	13.7
-0.000833158	13.71
-0.000762934	13.72
-7.30379e-05	13.73
0.000695245	13.74
0.00140662	13.75
0.000759906	13.76
7.02615e-05	13.77
-0.000611089	13.78
-0.00101399	13.79
-0.000857667	13.8
0.000107611	13.81
0.000670881	13.82
0.00106991	13.83
0.000679987	13.84
-0.000155586	13.85
-0.000845569	13.86
-0.0012112	13.87
-0.000980491	13.88
-0.000188358	13.89
0.00024437	13.9
0.000888168	13.91
0.000698051	13.92
-3.86456e-05	13.93
-0.000243678	13.94
-7.5587e-05	13.95
-9.9734e-05	13.96
-2.47422e-05	13.97
7.15197e-05	13.98
0.000168407	13.99
-0.000209513	14
-0.000107788	14.01
-0.000345389	14.02
-0.000289599	14.03
0.000265472	14.04
0.000722619	14.05
0.000776303	14.06
0.000735312	14.07
2.6677e-05	14.08
-0.000359278	14.09
-0.000508657	14.1
-0.000587398	14.11
-0.00041153	14.12
-0.000355872	14.13
5.04023e-05	14.14
6.31669e-05	14.15
0.000405354	14.16
0.000568342	14.17
0.000458772	14.18
-8.93854e-06	14.19
-0.000158139	14.2
-0.000419761	14.21
-0.00046501	14.22
-0.000116828	14.23
-0.000105708	14.24
0.000284981	14.25
-9.53226e-05	14.26
-7.48644e-05	14.27
-0.000101602	14.28
8.59465e-05	14.29
6.4813e-05	14.3
0.000511445	14.31
0.000535276	14.32
0.000490992	14.33
-8.18959e-05	14.34
-0.000567803	14.35
-0.000814711	14.36
-0.000851919	14.37
-0.000484514	14.38
-2.19473e-05	14.39
0.000613225	14.4
0.000674979	14.41
0.000592771	14.42
0.000436213	14.43
4.53893e-05	14.44
-0.000274511	14.45
0.000100909	14.46
0.000241062	14.47
5.17419e-05	14.48
0.000254075	14.49
-0.000287163	14.5
-0.000624264	14.51
-0.00100431	14.52
-0.000633229	14.53
-0.00013345	14.54
0.000535126	14.55
0.000972176	14.56
0.000924997	14.57
0.000301333	14.58
-0.000208407	14.59
-0.000487963	14.6
-0.000504496	14.61
-7.24661e-05	14.62
0.000331319	14.63
0.000573223	14.64
-6.95217e-05	14.65
-0.000577116	14.66
-0.000787804	14.67
-0.00069674	14.68
7.65327e-05	14.69
0.000659392	14.7
0.0011873	14.71
0.00085302	14.72
-0.000137946	14.73
-0.000827796	14.74
-0.00104542	14.75
-0.000631345	14.76
-7.32691e-05	14.77
0.000503648	14.78
0.000870386	14.79
0.000401152	14.8
-0.000208819	14.81
-0.000540931	14.82
-0.000481404	14.83
0.000147138	14.84
0.000798071	14.85
0.000816035	14.86
0.000531619	14.87
2.75278e-06	14.88
-0.000610423	14.89
-0.000964843	14.9
-0.00083385	14.91
-0.000236929	14.92
0.000363161	14.93
0.000774634	14.94
0.000883634	14.95
0.000416007	14.96
-0.000179972	14.97
-0.000675282	14.98
-0.000575602	14.99
-0.000303344	15
0.000314611	15.01
0.000406737	15.02
0.000356701	15.03
-0.000173082	15.04
-0.00067162	15.05
-0.000578787	15.06
-0.000403943	15.07
0.000132834	15.08
0.000705955	15.09
0.000808213	15.1
0.000448376	15.11
-1.58763e-05	15.12
-0.000581533	15.13
-0.000693615	15.14
-0.00040968	15.15
3.57961e-05	15.16
0.00088029	15.17
0.000815259	15.18
0.000465097	15.19
-0.000167288	15.2
-0.000464459	15.21
-0.000567585	15.22
-0.000502804	15.23
-6.55047e-05	15.24
0.000369595	15.25
0.000394422	15.26
3.23115e-05	15.27
-0.000155149	15.28
-0.000393574	15.29
-0.000221322	15.3
-0.000195891	15.31
8.85601e-05	15.32
0.00010404	15.33
0.000186287	15.34
0.0004825	15.35
0.000454484	15.36
0.00025015	15.37
-0.000414163	15.38
-0.000477582	15.39
-0.000755481	15.4
-0.000380284	15.41
7.8442e-05	15.42
0.000502013	15.43
0.000646164	15.44
0.000360752	15.45
-0.000142511	15.46
-0.000283899	15.47
-0.000189321	15.48
9.43475e-05	15.49
0.000308817	15.5
0.000443952	15.51
0.000222487	15.52
-1.52808e-05	15.53
-0.00034247	15.54
-0.000655847	15.55
-0.000573871	15.56
-0.000381452	15.57
0.000188513	15.58
0.000515956	15.59
0.000590726	15.6
0.000455625	15.61
9.16633e-05	15.62
-0.000264493	15.63
-0.000631618	15.64
-0.000415094	15.65
4.50169e-05	15.66
0.000419742	15.67
0.000297604	15.68
7.68739e-05	15.69
-0.000314164	15.7
-0.000562232	15.71
-0.000406177	15.72
6.51852e-05	15.73
0.000671532	15.74
0.000712993	15.75
0.00040969	15.76
0.00014501	15.77
-0.000113065	15.78
-0.000556302	15.79
-0.000336245	15.8
-0.000331479	15.81
2.23682e-06	15.82
-3.18377e-05	15.83
0.000292647	15.84
0.000106016	15.85
7.70349e-05	15.86
-1.47231e-05	15.87
4.82583e-05	15.88
0.00016688	15.89
0.000102533	15.9
8.93612e-05	15.91
4.41457e-05	15.92
2.56148e-05	15.93
-0.000451316	15.94
-0.00036344	15.95
-0.000324534	15.96
9.28657e-05	15.97
0.000429416	15.98
0.000411488	15.99
9.68287e-05	16
-7.54925e-05	16.01
-0.000248833	16.02
-0.000182543	16.03
2.5627e-06	16.04
0.000295699	16.05
0.000195189	16.06
2.97535e-05	16.07
1.73455e-05	16.08
-0.000236961	16.09
-0.000210056	16.1
-6.17e-05	16.11
0.000144551	16.12
8.95448e-05	16.13
2.41181e-06	16.14
-2.77369e-05	16.15
-9.37622e-05	16.16
-0.000175609	16.17
-0.000150696	16.18
-3.0353e-05	16.19
-8.43864e-05	16.2
0.000152035	16.21
8.56119e-05	16.22
0.000211384	16.23
2.70635e-05	16.24
-2.54654e-05	16.25
2.64911e-05	16.26
-9.32227e-05	16.27
-7.73662e-05	16.28
-1.80328e-05	16.29
0.000206496	16.3
0.000253654	16.31
0.000189211	16.32
-0.000163379	16.33
-0.000266927	16.34
-0.000312863	16.35
5.17885e-06	16.36
0.000260665	16.37
0.000316815	16.38
0.000309497	16.39
4.58597e-05	16.4
-6.8497e-05	16.41
-0.000349204	16.42
-0.000365564	16.43
-0.000526307	16.44
-0.000160151	16.45
-1.05719e-05	16.46
0.000164376	16.47
0.000218116	16.48
0.00027406	16.49
6.76379e-05	16.5
-2.77834e-05	16.51
4.05824e-05	16.52
0.000325802	16.53
0.000465529	16.54
0.000512169	16.55
0.000212595	16.56
-0.000378142	16.57
-0.000887976	16.58
-0.000788924	16.59
-0.000461148	16.6
0.000109384	16.61
0.00049617	16.62
0.000637536	16.63
0.000397543	16.64
7.46719e-05	16.65
-0.000338164	16.66
-0.000482599	16.67
-5.90944e-05	16.68
0.000180417	16.69
0.000395532	16.7
0.00027031	16.71
-2.78331e-05	16.72
-0.000595525	16.73
-0.000459426	16.74
-0.000458357	16.75
0.000144845	16.76
0.000579362	16.77
0.000825315	16.78
0.000581303	16.79
0.000214817	16.8
-0.000251631	16.81
-0.000736353	16.82
-0.000857387	16.83
-0.00043418	16.84
5.82119e-05	16.85
0.000424458	16.86
0.0003801	16.87
0.000101562	16.88
-1.82173e-05	16.89
-0.000212841	16.9
-7.92925e-05	16.91
4.58512e-05	16.92
0.000436356	16.93
0.000387028	16.94
0.000274703	16.95
-5.30513e-06	16.96
-0.000470839	16.97
-0.000489572	16.98
-0.000321677	16.99
8.77267e-05	17
0.000349735	17.01
0.000252756	17.02
0.00014072	17.03
-4.09534e-05	17.04
-0.000126809	17.05
-0.000288772	17.06
-0.000217755	17.07
-0.000104567	17.08
0.000153655	17.09
0.000260964	17.1
0.000168129	17.11
-0.000178085	17.12
-0.000147534	17.13
-0.000233553	17.14
8.27456e-05	17.15
6.67328e-05	17.16
0.000147886	17.17
0.000368302	17.18
0.00020395	17.19
8.20838e-06	17.2
-8.06048e-05	17.21
-0.000285077	17.22
-0.000290631	17.23
5.77329e-05	17.24
0.000103971	17.25
3.66969e-05	17.26
1.74761e-05	17.27
-7.20348e-05	17.28
7.48317e-05	17.29
-7.27624e-07	17.3
6.98424e-05	17.31
-2.54753e-05	17.32
2.50759e-05	17.33
0.000163032	17.34
1.56883e-05	17.35
-0.000147889	17.36
-0.000151467	17.37
-0.000321265	17.38
5.46682e-05	17.39
0.000207937	17.4
0.000126747	17.41
4.14928e-05	17.42
0.000133087	17.43
9.94281e-05	17.44
8.9762e-05	17.45
-2.9892e-05	17.46
-7.88865e-05	17.47
-6.38394e-05	17.48
-0.00010348	17.49
-7.44519e-05	17.5
6.12135e-05	17.51
-9.50618e-06	17.52
6.6471e-05	17.53
1.11478e-05	17.54
-0.000125146	17.55
-9.90819e-05	17.56
0.00010563	17.57
5.10427e-05	17.58
-5.72438e-05	17.59
-3.85975e-06	17.6
-4.61935e-05	17.61
-4.2401e-05	17.62
-0.000136862	17.63
2.2712e-06	17.64
7.94218e-05	17.65
0.000181114	17.66
6.35157e-05	17.67
4.67237e-06	17.68
-0.00013362	17.69
-6.02179e-05	17.7
7.44613e-05	17.71
-3.27052e-05	17.72
1.76698e-05	17.73
0.000114602	17.74
0.000163389	17.75
-2.89769e-05	17.76
-6.79686e-05	17.77
-0.0001354	17.78
-9.03729e-05	17.79
0.000141766	17.8
2.55974e-05	17.81
0.000150257	17.82
0.000161056	17.83
-6.28273e-07	17.84
-0.000196462	17.85
-0.000184697	17.86
-0.000156465	17.87
-0.000177358	17.88
4.3644e-05	17.89
0.000167748	17.9
0.000279794	17.91
1.73253e-05	17.92
-7.74268e-05	17.93
-0.000186973	17.94
-0.000140447	17.95
-2.60828e-05	17.96
0.000198053	17.97
0.000242318	17.98
0.000111968	17.99
-0.000106402	18
-0.000116699	18.01
-0.000223167	18.02
-0.00015659	18.03
1.58658e-06	18.04
0.000305389	18.05
0.000278184	18.06
0.000274692	18.07
-2.05826e-05	18.08
-0.000133467	18.09
-0.000211055	18.1
-0.000195067	18.11
-3.12215e-05	18.12
7.7844e-05	18.13
0.000123121	18.14
7.60166e-05	18.15
-2.25823e-05	18.16
-0.000244493	18.17
-0.00013316	18.18
-0.00020664	18.19
-4.42248e-05	18.2
0.000206288	18.21
0.00027103	18.22
0.000308651	18.23
3.84663e-05	18.24
-5.53069e-05	18.25
-0.000318029	18.26
-0.000125439	18.27
-8.20696e-05	18.28
5.69388e-05	18.29
0.000192524	18.3
0.000197524	18.31
0.000152257	18.32
-6.4249e-05	18.33
-0.000166274	18.34
-0.000262487	18.35
-6.69218e-05	18.36
4.56007e-05	18.37
0.000231212	18.38
6.85416e-05	18.39
-4.3113e-05	18.4
-0.000175579	18.41
-0.000202593	18.42
-4.60385e-05	18.43
8.53545e-05	18.44
0.000205339	18.45
0.000284805	18.46
0.000219956	18.47
-8.52366e-05	18.48
-0.00015306	18.49
-0.000161408	18.5
-0.000217511	18.51
-7.9246e-05	18.52
-0.000107089	18.53
3.19364e-05	18.54
0.000190491	18.55
0.000177666	18.56
-4.91847e-06	18.57
-0.00014185	18.58
-4.27735e-05	18.59
8.04069e-05	18.6
0.000170047	18.61
0.000311646	18.62
-4.49931e-06	18.63
-0.000201477	18.64
-0.000315572	18.65
-0.0002296	18.66
-0.000139919	18.67
0.000135497	18.68
0.00025109	18.69
0.000210679	18.7
0.000135543	18.71
-8.42042e-05	18.72
-7.54726e-05	18.73
-0.000118562	18.74
-7.66464e-06	18.75
3.86625e-06	18.76
-3.02102e-05	18.77
-1.60452e-05	18.78
9.8848e-05	18.79
-1.19254e-06	18.8
-5.43563e-05	18.81
1.4933e-05	18.82
-0.000123371	18.83
-3.78408e-05	18.84
7.69305e-05	18.85
9.7172e-05	18.86
3.06085e-05	18.87
0.000113651	18.88
-0.00013377	18.89
-0.000162773	18.9
-2.7743e-05	18.91
9.68359e-05	18.92
0.000162129	18.93
0.00011035	18.94
1.46515e-06	18.95
-1.89188e-06	18.96
-2.91208e-05	18.97
-0.000178092	18.98
-3.87184e-05	18.99
4.13805e-05	19
1.15785e-05	19.01
0.000114395	19.02
-4.15068e-05	19.03
-0.000103315	19.04
-4.56061e-05	19.05
3.454e-05	19.06
-0.000108914	19.07
5.8863e-06	19.08
0.000155568	19.09
0.000101994	19.1
2.45961e-05	19.11
-8.48617e-05	19.12
-7.23488e-05	19.13
2.2076e-05	19.14
-3.65352e-06	19.15
8.26236e-05	19.16
5.52316e-05	19.17
-3.28234e-05	19.18
4.35079e-05	19.19
-0.000111638	19.2
-2.22404e-05	19.21
-0.000102396	19.22
-1.77543e-05	19.23
2.88859e-05	19.24
0.000122501	19.25
8.476e-05	19.26
-1.38519e-05	19.27
4.05997e-05	19.28
-3.85045e-05	19.29
-0.000187477	19.3
-8.1217e-05	19.31
-1.43668e-05	19.32
8.64832e-05	19.33
0.000148093	19.34
2.07737e-05	19.35
6.05081e-06	19.36
9.65582e-05	19.37
-3.30465e-05	19.38
-1.90401e-05	19.39
-3.72087e-05	19.4
3.45277e-05	19.41
-5.59966e-05	19.42
-1.62891e-05	19.43
-9.21038e-05	19.44
-1.76426e-05	19.45
-0.000120403	19.46
-5.61099e-05	19.47
9.96291e-05	19.48
0.000162408	19.49
0.000173232	19.5
9.55419e-05	19.51
2.02583e-06	19.52
-0.000116353	19.53
-0.00016084	19.54
-0.00013714	19.55
-7.77112e-05	19.56
0.000119538	19.57
3.79803e-05	19.58
0.00019832	19.59
7.11449e-05	19.6
1.27671e-05	19.61
-2.85726e-05	19.62
-0.000117023	19.63
-9.15299e-05	19.64
3.93793e-05	19.65
0.000100135	19.66
7.96495e-05	19.67
-1.92037e-05	19.68
-4.12149e-05	19.69
-0.000214916	19.7
-8.2499e-05	19.71
-6.58234e-06	19.72
7.66193e-05	19.73
5.4223e-05	19.74
0.000144134	19.75
-5.0212e-05	19.76
-2.06192e-05	19.77
-4.97905e-05	19.78
-0.000110913	19.79
-3.83533e-05	19.8
0.000118984	19.81
0.000189033	19.82
8.36728e-05	19.83
4.00235e-06	19.84
-0.00013571	19.85
-3.53312e-05	19.86
-0.000114425	19.87
-2.57023e-05	19.88
2.77935e-05	19.89
0.000152352	19.9
0.000175133	19.91
5.55409e-05	19.92
-0.000100037	19.93
-0.000182437	19.94
-0.000209593	19.95
-0.00010789	19.96
2.87152e-05	19.97
0.000131687	19.98
0.00013694	19.99
7.87857e-05	20
-3.56434e-06	20.01
-0.000141035	20.02
-4.76611e-05	20.03
-3.68716e-05	20.04
8.20603e-06	20.05
0.00011891	20.06
0.000174037	20.07
6.40979e-05	20.08
-5.3644e-05	20.09
-8.56154e-05	20.1
-6.84286e-05	20.11
4.96332e-06	20.12
6.63526e-05	20.13
7.76063e-05	20.14
8.86812e-05	20.15
-5.39953e-05	20.16
-5.77551e-05	20.17
-0.000107026	20.18
-0.000149952	20.19
-1.48971e-05	20.2
-1.4614e-05	20.21
0.000140041	20.22
0.000117371	20.23
7.7736e-05	20.24
-4.08193e-05	20.25
-0.000137492	20.26
-0.000148853	20.27
-4.74487e-05	20.28
0.000155693	20.29
0.000105406	20.3
6.20022e-05	20.31
-1.01755e-05	20.32
-7.51889e-05	20.33
-0.000137007	20.34
2.36054e-05	20.35
1.88261e-05	20.36
0.000117855	20.37
0.000193542	20.38
5.79627e-05	20.39
-4.34324e-05	20.4
-0.000103232	20.41
-0.000102335	20.42
-9.78203e-05	20.43
-9.89717e-05	20.44
-6.05482e-05	20.45
3.80923e-05	20.46
4.08988e-05	20.47
